0.25996 0.80933 0.98131 1.05094 
0.85698 0.92050 0.96576 0.99715 
0.97833 1.00176 1.02027 1.03242 
1.00218 1.02726 1.04555 1.05761 
1.01268 1.02736 1.03948 1.04873 
1.00804 1.02450 1.03374 1.04360 
1.01252 1.02947 1.03883 1.04988 
1.01951 1.03298 1.04402 1.05061 
1.01326 1.02751 1.03786 1.04587 
1.00462 1.01994 1.03549 1.04272 
1.00427 1.02074 1.03215 1.04019 
0.99959 1.01686 1.03000 1.03982 
1.00170 1.01780 1.03185 1.04026 
0.99816 1.02094 1.03363 1.04169 
1.00298 1.01817 1.03180 1.04224 
1.00275 1.01976 1.03168 1.04140 
1.00478 1.01801 1.02943 1.04096 
1.00593 1.02128 1.03127 1.03894 
1.00027 1.01766 1.03299 1.04023 
1.00178 1.01691 1.03160 1.03948 
1.00276 1.02008 1.03232 1.04026 
1.00296 1.01682 1.03379 1.04231 
1.00700 1.01803 1.03112 1.03920 
1.00295 1.01809 1.03103 1.04148 
1.00230 1.01924 1.03156 1.04297 
1.00678 1.01832 1.02935 1.04091 
1.00320 1.02053 1.03160 1.04185 
1.00207 1.01777 1.03196 1.03867 
1.00259 1.01879 1.03245 1.03872 
1.00146 1.01876 1.03201 1.04192 
1.00338 1.01820 1.03083 1.04247 
1.00281 1.01950 1.03050 1.04113 
1.00249 1.01922 1.03144 1.04029 
1.00644 1.01834 1.03168 1.04228 
1.00212 1.01860 1.03144 1.03776 
1.00556 1.01547 1.03097 1.03923 
1.00296 1.02043 1.03153 1.04242 
1.00345 1.01728 1.03023 1.04003 
1.00408 1.01757 1.03025 1.04158 
1.00389 1.02063 1.03069 1.04027 
