log-lin
1989
1.0000000E-03    1.9102404E-03
1.0004600E-03    2.7487842E-03
1.0009200E-03    1.7575620E-03
1.0013800E-03    7.2613460E-04
1.0018400E-03    1.2305640E-04
1.0023100E-03    -3.5778417E-04
1.0027700E-03    -5.0710614E-04
1.0032300E-03    -2.8106737E-04
1.0036900E-03    2.9834077E-04
1.0041500E-03    1.1165137E-03
1.0046200E-03    1.6789060E-03
1.0050800E-03    1.0641002E-03
1.0055400E-03    4.3886880E-04
1.0060100E-03    1.1356233E-04
1.0064700E-03    -2.9619354E-04
1.0069300E-03    -6.1155626E-04
1.0074000E-03    -4.6422093E-04
1.0078600E-03    3.5823979E-04
1.0083200E-03    1.8115272E-03
1.0087900E-03    3.0606182E-03
1.0092500E-03    2.1651537E-03
1.0097200E-03    1.3162962E-03
1.0101800E-03    2.5078395E-03
1.0106500E-03    2.7340492E-03
1.0111100E-03    1.3863494E-03
1.0115800E-03    -6.6860948E-06
1.0120500E-03    -6.7754316E-04
1.0125100E-03    -6.8849684E-04
1.0129800E-03    -5.6589492E-05
1.0134500E-03    1.2914725E-03
1.0139100E-03    2.5020954E-03
1.0143800E-03    1.3788388E-03
1.0148500E-03    6.8652927E-04
1.0153100E-03    1.5245120E-03
1.0157800E-03    1.5275288E-03
1.0162500E-03    2.0621734E-04
1.0167200E-03    -5.9889782E-04
1.0171900E-03    -7.5844800E-04
1.0176600E-03    -2.5771125E-04
1.0181200E-03    1.1620066E-03
1.0185900E-03    2.6421904E-03
1.0190600E-03    1.4703441E-03
1.0195300E-03    2.0136369E-05
1.0200000E-03    -6.6941590E-04
1.0204700E-03    -6.6161842E-04
1.0209400E-03    -3.4251856E-05
1.0214100E-03    1.1252528E-03
1.0218800E-03    2.0821579E-03
1.0223500E-03    1.7699026E-03
1.0228200E-03    1.1813927E-03
1.0233000E-03    1.6712242E-03
1.0237700E-03    1.6057049E-03
1.0242400E-03    4.8971433E-04
1.0247100E-03    -4.4511847E-04
1.0251800E-03    -6.7418095E-04
1.0256500E-03    -2.4134474E-04
1.0261300E-03    1.0308721E-03
1.0266000E-03    2.1956118E-03
1.0270700E-03    1.2580442E-03
1.0275500E-03    3.1732762E-05
1.0280200E-03    -6.6041980E-04
1.0284900E-03    -6.8426438E-04
1.0289700E-03    -4.9453913E-05
1.0294400E-03    1.2878305E-03
1.0299100E-03    2.7865732E-03
1.0303900E-03    1.7669005E-03
1.0308600E-03    2.2025441E-04
1.0313400E-03    -6.2526212E-04
1.0318100E-03    -7.2564605E-04
1.0322900E-03    -1.1418107E-04
1.0327600E-03    9.2296998E-04
1.0332400E-03    7.9744855E-04
1.0337200E-03    2.0439289E-05
1.0341900E-03    2.5708937E-04
1.0346700E-03    5.5065621E-04
1.0351500E-03    1.4956896E-04
1.0356200E-03    -2.0854087E-04
1.0361000E-03    -2.6065504E-04
1.0365800E-03    -9.5947139E-05
1.0370500E-03    2.4812981E-04
1.0375300E-03    7.6530087E-04
1.0380100E-03    8.3203249E-04
1.0384900E-03    2.8008180E-04
1.0389700E-03    -2.2964173E-04
1.0394500E-03    -5.3353409E-04
1.0399200E-03    -3.1662745E-04
1.0404000E-03    6.8541548E-04
1.0408800E-03    1.0907201E-03
1.0413600E-03    4.2530650E-05
1.0418400E-03    -2.5810718E-04
1.0423200E-03    7.6953475E-04
1.0428000E-03    1.4278256E-03
1.0432800E-03    3.4706827E-04
1.0437600E-03    -5.3766632E-04
1.0442400E-03    -7.2708487E-04
1.0447200E-03    -2.3014076E-04
1.0452100E-03    9.2474310E-04
1.0456900E-03    2.1618249E-03
1.0461700E-03    2.1698469E-03
1.0466500E-03    1.3305255E-03
1.0471300E-03    1.1880202E-03
1.0476200E-03    7.2148081E-04
1.0481000E-03    4.6520490E-05
1.0485800E-03    -2.9221455E-04
1.0490600E-03    -2.9379726E-04
1.0495500E-03    -1.6419996E-04
1.0500300E-03    -8.9789639E-05
1.0505100E-03    -2.0593095E-04
1.0510000E-03    -2.1599268E-04
1.0514800E-03    4.2998928E-04
1.0519700E-03    1.7291873E-03
1.0524500E-03    2.7093855E-03
1.0529400E-03    1.6665898E-03
1.0534200E-03    7.8244775E-04
1.0539100E-03    1.1365496E-03
1.0543900E-03    2.1587510E-03
1.0548800E-03    2.0318426E-03
1.0553600E-03    1.0717815E-03
1.0558500E-03    3.3470283E-04
1.0563400E-03    -1.0838445E-04
1.0568200E-03    -4.3151450E-04
1.0573100E-03    -5.5048875E-04
1.0578000E-03    -2.0592345E-04
1.0582800E-03    8.4612287E-04
1.0587700E-03    2.3346319E-03
1.0592600E-03    2.9480047E-03
1.0597500E-03    1.9634070E-03
1.0602400E-03    6.9203708E-04
1.0607200E-03    -4.0766276E-04
1.0612100E-03    -7.5344320E-04
1.0617000E-03    -4.3992129E-04
1.0621900E-03    5.8630492E-04
1.0626800E-03    2.0231989E-03
1.0631700E-03    3.0984186E-03
1.0636600E-03    2.3500045E-03
1.0641500E-03    8.2207437E-04
1.0646400E-03    -3.4060263E-04
1.0651300E-03    -7.5748218E-04
1.0656200E-03    -5.0990461E-04
1.0661100E-03    5.0029712E-04
1.0666000E-03    1.9708794E-03
1.0670900E-03    2.0532099E-03
1.0675900E-03    4.2493451E-04
1.0680800E-03    7.6472206E-04
1.0685700E-03    2.7698536E-03
1.0690600E-03    2.1776031E-03
1.0695500E-03    5.5234973E-04
1.0700500E-03    -5.1447553E-04
1.0705400E-03    -7.6892760E-04
1.0710300E-03    -3.2885579E-04
1.0715300E-03    7.6598753E-04
1.0720200E-03    1.9106934E-03
1.0725100E-03    2.2827630E-03
1.0730100E-03    2.0858578E-03
1.0735000E-03    1.7956927E-03
1.0740000E-03    1.3501269E-03
1.0744900E-03    1.0818702E-03
1.0749900E-03    4.4164193E-04
1.0754800E-03    -3.9996433E-04
1.0759800E-03    -7.3325660E-04
1.0764700E-03    -4.0409567E-04
1.0769700E-03    7.9546850E-04
1.0774700E-03    1.9089988E-03
1.0779600E-03    9.7425034E-04
1.0784600E-03    4.7755385E-04
1.0789500E-03    1.5914620E-04
1.0794500E-03    -5.0368871E-04
1.0799500E-03    -5.5418812E-04
1.0804500E-03    4.8612358E-04
1.0809400E-03    2.5059894E-03
1.0814400E-03    1.4916265E-03
1.0819400E-03    -7.6732361E-05
1.0824400E-03    -7.3458900E-04
1.0829400E-03    -6.3198347E-04
1.0834400E-03    3.8799005E-04
1.0839400E-03    2.7615014E-03
1.0844300E-03    2.8076687E-03
1.0849300E-03    7.9183676E-04
1.0854300E-03    -4.3699180E-04
1.0859300E-03    -7.9687625E-04
1.0864300E-03    -4.4618162E-04
1.0869400E-03    8.2101616E-04
1.0874400E-03    2.7937691E-03
1.0879400E-03    2.6010694E-03
1.0884400E-03    5.8577691E-04
1.0889400E-03    -5.0749659E-04
1.0894400E-03    -7.4552617E-04
1.0899400E-03    -3.0704852E-04
1.0904400E-03    8.8212447E-04
1.0909500E-03    2.3924168E-03
1.0914500E-03    2.8447277E-03
1.0919500E-03    2.1890454E-03
1.0924600E-03    1.2637204E-03
1.0929600E-03    -4.5008889E-05
1.0934600E-03    -6.9425236E-04
1.0939700E-03    -6.0769332E-04
1.0944700E-03    2.8633328E-04
1.0949700E-03    2.0249704E-03
1.0954800E-03    3.2845835E-03
1.0959800E-03    2.0872495E-03
1.0964900E-03    4.7667669E-04
1.0969900E-03    -5.6226790E-04
1.0975000E-03    -7.5500634E-04
1.0980000E-03    -3.2700778E-04
1.0985100E-03    9.0757014E-04
1.0990200E-03    2.5359379E-03
1.0995200E-03    3.1818247E-03
1.1000300E-03    1.6753578E-03
1.1005400E-03    5.6104365E-04
1.1010400E-03    2.9536380E-04
1.1015500E-03    5.0552803E-04
1.1020600E-03    1.5435765E-03
1.1025700E-03    2.9238791E-03
1.1030700E-03    2.0733780E-03
1.1035800E-03    4.8545690E-04
1.1040900E-03    -5.4462846E-04
1.1046000E-03    -7.5183729E-04
1.1051100E-03    -1.2544215E-04
1.1056200E-03    1.5178662E-03
1.1061300E-03    1.7083289E-03
1.1066300E-03    1.0481088E-04
1.1071400E-03    -6.1117124E-04
1.1076500E-03    -5.5500641E-04
1.1081700E-03    -3.1957345E-05
1.1086800E-03    4.2133559E-04
1.1091900E-03    8.2372759E-04
1.1097000E-03    1.6618547E-03
1.1102100E-03    2.2101570E-03
1.1107200E-03    6.5608970E-04
1.1112300E-03    -5.0138649E-04
1.1117400E-03    -6.6159546E-04
1.1122600E-03    1.5013233E-05
1.1127700E-03    1.2685299E-03
1.1132800E-03    6.6094610E-04
1.1137900E-03    -4.5933279E-04
1.1143100E-03    -6.0725822E-04
1.1148200E-03    3.1873878E-04
1.1153300E-03    2.1141409E-03
1.1158500E-03    1.2873009E-03
1.1163600E-03    -1.4538284E-04
1.1168800E-03    -6.2729632E-04
1.1173900E-03    7.9212702E-05
1.1179000E-03    1.4043271E-03
1.1184200E-03    5.2588118E-04
1.1189400E-03    -4.9620114E-04
1.1194500E-03    -5.6843274E-04
1.1199700E-03    -7.7416166E-06
1.1204800E-03    2.2724518E-04
1.1210000E-03    -2.0767881E-04
1.1215100E-03    1.0616504E-04
1.1220300E-03    1.4326011E-03
1.1225500E-03    3.3013559E-03
1.1230700E-03    3.2258745E-03
1.1235800E-03    1.3987050E-03
1.1241000E-03    -8.0028216E-05
1.1246200E-03    -7.5763315E-04
1.1251400E-03    -6.4762590E-04
1.1256500E-03    2.9658386E-04
1.1261700E-03    1.9400355E-03
1.1266900E-03    2.6028849E-03
1.1272100E-03    3.5622230E-04
1.1277300E-03    -5.9911434E-04
1.1282500E-03    -3.4561384E-04
1.1287700E-03    6.2004852E-04
1.1292900E-03    1.5077267E-03
1.1298100E-03    1.0315137E-03
1.1303300E-03    4.7702086E-04
1.1308500E-03    4.2211738E-04
1.1313700E-03    9.4212416E-04
1.1318900E-03    3.0294776E-03
1.1324100E-03    3.1953162E-03
1.1329400E-03    1.4101221E-03
1.1334600E-03    -7.8360913E-05
1.1339800E-03    -7.4784225E-04
1.1345000E-03    -6.1308080E-04
1.1350300E-03    3.4787685E-04
1.1355500E-03    1.9884968E-03
1.1360700E-03    3.0195334E-03
1.1365900E-03    1.4509473E-03
1.1371200E-03    1.2501555E-04
1.1376400E-03    -3.4460327E-04
1.1381700E-03    1.2628674E-04
1.1386900E-03    5.3393927E-04
1.1392100E-03    2.9117487E-05
1.1397400E-03    -3.8408247E-04
1.1402600E-03    -4.5840761E-04
1.1407900E-03    -5.8168890E-07
1.1413200E-03    1.1878271E-03
1.1418400E-03    9.3929015E-04
1.1423700E-03    -3.7735057E-04
1.1428900E-03    -7.3117718E-04
1.1434200E-03    -6.5955990E-05
1.1439500E-03    1.3566998E-03
1.1444700E-03    6.5469629E-04
1.1450000E-03    -5.5997405E-04
1.1455300E-03    -7.0979775E-04
1.1460600E-03    -9.9386480E-06
1.1465800E-03    1.6790541E-03
1.1471100E-03    3.7535842E-03
1.1476400E-03    2.3017894E-03
1.1481700E-03    3.6345144E-04
1.1487000E-03    -5.9554280E-04
1.1492300E-03    -7.0027294E-04
1.1497600E-03    8.5204943E-05
1.1502900E-03    1.2186551E-03
1.1508200E-03    4.4831504E-04
1.1513500E-03    5.7300905E-05
1.1518800E-03    7.5064130E-04
1.1524100E-03    1.8468687E-04
1.1529400E-03    -6.4449445E-04
1.1534700E-03    -6.4789040E-04
1.1540000E-03    2.4644796E-04
1.1545300E-03    1.9524754E-03
1.1550600E-03    3.0865652E-03
1.1556000E-03    7.1226435E-04
1.1561300E-03    -6.8741552E-05
1.1566600E-03    1.1628253E-03
1.1571900E-03    1.6161397E-03
1.1577300E-03    2.7861676E-04
1.1582600E-03    -6.3484814E-04
1.1587900E-03    -6.8993977E-04
1.1593300E-03    1.4778690E-04
1.1598600E-03    1.3751579E-03
1.1604000E-03    4.1361588E-04
1.1609300E-03    -5.9650749E-04
1.1614700E-03    -3.2033767E-04
1.1620000E-03    9.2916414E-04
1.1625400E-03    2.7081866E-03
1.1630700E-03    3.1135099E-03
1.1636100E-03    1.3325315E-03
1.1641400E-03    5.8673986E-04
1.1646800E-03    3.4974064E-04
1.1652200E-03    3.1656932E-04
1.1657500E-03    2.6080002E-04
1.1662900E-03    4.0109246E-05
1.1668300E-03    1.2671355E-04
1.1673700E-03    1.0750164E-03
1.1679000E-03    3.3053057E-03
1.1684400E-03    3.0495723E-03
1.1689800E-03    1.2582868E-03
1.1695200E-03    -8.5728318E-05
1.1700600E-03    -6.1170453E-04
1.1706000E-03    -5.3764672E-04
1.1711300E-03    -2.8904202E-05
1.1716700E-03    7.7241816E-04
1.1722100E-03    1.9339823E-03
1.1727500E-03    2.9416917E-03
1.1732900E-03    2.4776980E-03
1.1738300E-03    1.4599279E-03
1.1743800E-03    2.9489571E-04
1.1749200E-03    -5.5750516E-04
1.1754600E-03    -6.7208644E-04
1.1760000E-03    -1.0424601E-04
1.1765400E-03    1.0959406E-03
1.1770800E-03    1.4171632E-03
1.1776300E-03    -2.4357528E-05
1.1781700E-03    -6.4314830E-04
1.1787100E-03    -3.5141337E-04
1.1792500E-03    6.4985377E-04
1.1798000E-03    1.6472048E-03
1.1803400E-03    1.7393141E-03
1.1808800E-03    1.3851862E-03
1.1814300E-03    4.3687746E-04
1.1819700E-03    1.7990789E-05
1.1825200E-03    5.8404986E-04
1.1830600E-03    5.9127018E-04
1.1836100E-03    -3.2684610E-04
1.1841500E-03    -6.6548788E-04
1.1847000E-03    -2.9086894E-04
1.1852400E-03    5.5801066E-04
1.1857900E-03    9.5347037E-04
1.1863400E-03    1.3427816E-03
1.1868800E-03    2.0743061E-03
1.1874300E-03    1.1834621E-03
1.1879800E-03    -8.6788814E-05
1.1885200E-03    -7.0198838E-04
1.1890700E-03    -5.6099583E-04
1.1896200E-03    3.3956866E-04
1.1901700E-03    1.7275016E-03
1.1907100E-03    1.2346475E-03
1.1912600E-03    -3.1930903E-04
1.1918100E-03    -5.4556391E-04
1.1923600E-03    4.1314895E-04
1.1929100E-03    2.2957882E-03
1.1934600E-03    1.8287921E-03
1.1940100E-03    3.6733779E-04
1.1945600E-03    -5.5507095E-04
1.1951100E-03    -7.1598482E-04
1.1956600E-03    -1.2345164E-04
1.1962100E-03    1.1666545E-03
1.1967600E-03    2.4570395E-03
1.1973100E-03    2.2679758E-03
1.1978600E-03    2.0791173E-03
1.1984200E-03    3.2790713E-03
1.1989700E-03    1.9893477E-03
1.1995200E-03    2.9977577E-04
1.2000700E-03    -5.4078209E-04
1.2006300E-03    -5.5267467E-04
1.2011800E-03    -1.5825959E-04
1.2017300E-03    2.0045440E-04
1.2022900E-03    5.8972863E-04
1.2028400E-03    1.6234716E-03
1.2033900E-03    2.9905880E-03
1.2039500E-03    3.1090403E-03
1.2045000E-03    1.7172239E-03
1.2050600E-03    9.3650880E-05
1.2056100E-03    -7.1689973E-04
1.2061700E-03    -7.0005819E-04
1.2067200E-03    1.1672475E-04
1.2072800E-03    1.7486266E-03
1.2078400E-03    2.7961965E-03
1.2083900E-03    1.7001272E-03
1.2089500E-03    7.0760549E-04
1.2095100E-03    1.0702164E-03
1.2100600E-03    2.1600137E-03
1.2106200E-03    1.2916301E-03
1.2111800E-03    -9.4104052E-05
1.2117400E-03    -7.3036975E-04
1.2123000E-03    -5.5247869E-04
1.2128500E-03    4.5772136E-04
1.2134100E-03    1.9864096E-03
1.2139700E-03    3.0876533E-03
1.2145300E-03    1.9595688E-03
1.2150900E-03    2.9467996E-04
1.2156500E-03    -6.2347810E-04
1.2162100E-03    -3.6374628E-04
1.2167700E-03    1.4658036E-03
1.2173300E-03    1.6043734E-03
1.2178900E-03    5.6112165E-06
1.2184500E-03    -7.2108862E-04
1.2190100E-03    -5.9800731E-04
1.2195800E-03    3.8769264E-04
1.2201400E-03    1.5179187E-03
1.2207000E-03    8.2182082E-04
1.2212600E-03    3.3473335E-04
1.2218200E-03    1.0281342E-03
1.2223900E-03    1.9423598E-03
1.2229500E-03    2.6964163E-03
1.2235100E-03    3.5543274E-03
1.2240800E-03    1.9295903E-03
1.2246400E-03    2.1634916E-04
1.2252100E-03    -6.6677156E-04
1.2257700E-03    -7.0108879E-04
1.2263300E-03    1.4587011E-04
1.2269000E-03    1.8321655E-03
1.2274600E-03    3.5116110E-03
1.2280300E-03    1.5471373E-03
1.2286000E-03    -1.6669335E-04
1.2291600E-03    -7.5135749E-04
1.2297300E-03    -4.7228813E-04
1.2302900E-03    6.2308316E-04
1.2308600E-03    1.9407794E-03
1.2314300E-03    1.0477251E-03
1.2320000E-03    -3.1981010E-04
1.2325600E-03    -4.8327558E-04
1.2331300E-03    2.7079015E-04
1.2337000E-03    2.2637477E-03
1.2342700E-03    3.3514280E-03
1.2348400E-03    1.6666152E-03
1.2354000E-03    4.3453342E-05
1.2359700E-03    -7.2727885E-04
1.2365400E-03    -6.3414811E-04
1.2371100E-03    3.7939584E-04
1.2376800E-03    2.0852130E-03
1.2382500E-03    3.1510461E-03
1.2388200E-03    1.6973357E-03
1.2393900E-03    8.3663342E-04
1.2399600E-03    9.7071173E-04
1.2405400E-03    5.1632797E-04
1.2411100E-03    -3.8255111E-04
1.2416800E-03    -5.5601067E-04
1.2422500E-03    8.0310607E-05
1.2428200E-03    7.4546909E-04
1.2434000E-03    3.1090726E-04
1.2439700E-03    4.5819539E-04
1.2445400E-03    4.8072914E-04
1.2451200E-03    -3.0057700E-04
1.2456900E-03    -5.8780065E-04
1.2462600E-03    1.0131050E-04
1.2468400E-03    8.0444311E-04
1.2474100E-03    -1.9620060E-04
1.2479900E-03    -6.4817384E-04
1.2485600E-03    -9.2277673E-05
1.2491400E-03    1.1767855E-03
1.2497100E-03    1.6935089E-03
1.2502900E-03    1.0584529E-03
1.2508600E-03    2.3754385E-03
1.2514400E-03    3.5341134E-03
1.2520200E-03    1.9139110E-03
1.2525900E-03    2.0309228E-04
1.2531700E-03    -6.1725770E-04
1.2537500E-03    -4.8553105E-04
1.2543200E-03    3.4125125E-04
1.2549000E-03    1.9400611E-04
1.2554800E-03    -4.3101032E-04
1.2560600E-03    2.3368673E-04
1.2566400E-03    2.3894646E-03
1.2572200E-03    1.6855489E-03
1.2578000E-03    8.1617908E-06
1.2583700E-03    -6.0333635E-04
1.2589500E-03    -1.7686726E-04
1.2595300E-03    5.5187338E-04
1.2601100E-03    -1.8720484E-04
1.2607000E-03    -6.5462861E-04
1.2612800E-03    -1.2988114E-04
1.2618600E-03    1.3827910E-03
1.2624400E-03    2.8565848E-03
1.2630200E-03    1.6331431E-03
1.2636000E-03    5.3232845E-06
1.2641800E-03    1.9900233E-04
1.2647700E-03    1.3804592E-03
1.2653500E-03    2.4947796E-03
1.2659300E-03    1.3719733E-03
1.2665100E-03    1.5711389E-04
1.2671000E-03    -2.1890011E-04
1.2676800E-03    2.3331638E-05
1.2682700E-03    8.4918210E-05
1.2688500E-03    -3.6816373E-05
1.2694300E-03    -3.5364601E-04
1.2700200E-03    -4.9962301E-04
1.2706000E-03    2.8680194E-05
1.2711900E-03    1.4770544E-03
1.2717800E-03    2.4680738E-03
1.2723600E-03    1.3563219E-03
1.2729500E-03    1.0757151E-03
1.2735300E-03    8.2100775E-06
1.2741200E-03    -6.6340146E-04
1.2747100E-03    -2.6118343E-04
1.2752900E-03    1.5858314E-03
1.2758800E-03    1.5208224E-03
1.2764700E-03    -5.5019950E-05
1.2770600E-03    -7.3350920E-04
1.2776500E-03    -5.3158844E-04
1.2782300E-03    5.6922235E-04
1.2788200E-03    2.3467512E-03
1.2794100E-03    3.4077389E-03
1.2800000E-03    1.8140551E-03
1.2805900E-03    1.8790617E-03
1.2811800E-03    2.5015640E-03
1.2817700E-03    1.2206745E-03
1.2823600E-03    -1.6719163E-04
1.2829500E-03    -7.2692466E-04
1.2835400E-03    -4.5506597E-04
1.2841400E-03    6.0052844E-04
1.2847300E-03    8.7289810E-04
1.2853200E-03    6.1362682E-05
1.2859100E-03    4.0043894E-04
1.2865000E-03    9.7652225E-04
1.2871000E-03    2.7641596E-04
1.2876900E-03    4.2766381E-05
1.2882800E-03    1.3997042E-03
1.2888800E-03    1.7026644E-03
1.2894700E-03    2.1833083E-04
1.2900600E-03    -6.6792316E-04
1.2906600E-03    -6.6433449E-04
1.2912500E-03    2.6864263E-04
1.2918500E-03    1.7804253E-03
1.2924400E-03    2.6613477E-03
1.2930400E-03    2.1621008E-03
1.2936300E-03    6.0618919E-04
1.2942300E-03    -5.4620852E-04
1.2948300E-03    -7.3601503E-04
1.2954200E-03    -6.0620661E-05
1.2960200E-03    1.5163330E-03
1.2966200E-03    2.6115163E-03
1.2972100E-03    1.5986179E-03
1.2978100E-03    2.4509986E-03
1.2984100E-03    2.3776199E-03
1.2990100E-03    8.4345494E-04
1.2996100E-03    -3.9711356E-04
1.3002000E-03    -6.8381604E-04
1.3008000E-03    1.5506668E-04
1.3014000E-03    1.1768315E-03
1.3020000E-03    -5.1889474E-05
1.3026000E-03    -6.2517545E-04
1.3032000E-03    -2.8540886E-04
1.3038000E-03    2.2488247E-04
1.3044000E-03    3.3348753E-04
1.3050000E-03    9.1996300E-04
1.3056000E-03    6.5261794E-04
1.3062100E-03    -3.7962261E-04
1.3068100E-03    3.1597254E-05
1.3074100E-03    5.1039764E-04
1.3080100E-03    -3.3484970E-04
1.3086100E-03    -6.0562365E-04
1.3092200E-03    2.5388488E-04
1.3098200E-03    2.2189094E-03
1.3104200E-03    2.0495408E-03
1.3110300E-03    3.3769332E-04
1.3116300E-03    -3.3085043E-04
1.3122400E-03    1.4858944E-04
1.3128400E-03    1.4827702E-04
1.3134400E-03    -5.7652060E-04
1.3140500E-03    -5.8183203E-04
1.3146600E-03    3.2991085E-04
1.3152600E-03    2.0753131E-03
1.3158700E-03    2.8319611E-03
1.3164700E-03    1.5011602E-03
1.3170800E-03    1.7231953E-04
1.3176900E-03    -4.8854145E-04
1.3182900E-03    -2.1895336E-04
1.3189000E-03    3.9673607E-04
1.3195100E-03    -1.4717317E-04
1.3201200E-03    -5.9297997E-04
1.3207200E-03    -1.6660588E-04
1.3213300E-03    9.9550188E-04
1.3219400E-03    1.9441679E-03
1.3225500E-03    1.4579382E-03
1.3231600E-03    4.6044131E-04
1.3237700E-03    1.9814604E-04
1.3243800E-03    2.4308358E-04
1.3249900E-03    8.0109023E-04
1.3256000E-03    2.1277258E-03
1.3262100E-03    1.5006605E-03
1.3268200E-03    -4.4031398E-05
1.3274300E-03    -7.2317732E-04
1.3280400E-03    -4.3852132E-04
1.3286600E-03    1.0526316E-03
1.3292700E-03    1.1095113E-03
1.3298800E-03    -3.4792959E-04
1.3304900E-03    -7.1247975E-04
1.3311100E-03    -1.5848093E-05
1.3317200E-03    1.5108029E-03
1.3323300E-03    7.7992263E-04
1.3329500E-03    -3.4754336E-04
1.3335600E-03    8.9116411E-05
1.3341700E-03    1.5104278E-03
1.3347900E-03    7.5714965E-04
1.3354000E-03    -3.4743798E-04
1.3360200E-03    -5.8294932E-04
1.3366300E-03    -2.3069084E-04
1.3372500E-03    3.4332301E-04
1.3378700E-03    1.2719308E-03
1.3384800E-03    1.1842244E-03
1.3391000E-03    -3.1113445E-04
1.3397200E-03    -7.6230158E-04
1.3403300E-03    -1.4658054E-04
1.3409500E-03    1.4578855E-03
1.3415700E-03    1.0133104E-03
1.3421900E-03    -5.4274528E-04
1.3428000E-03    -6.3115591E-04
1.3434200E-03    2.5888268E-04
1.3440400E-03    1.5781622E-03
1.3446600E-03    7.9698975E-04
1.3452800E-03    -4.3518733E-04
1.3459000E-03    -4.3526488E-04
1.3465200E-03    6.8196009E-04
1.3471400E-03    1.4308142E-03
1.3477600E-03    4.8691804E-04
1.3483800E-03    -4.9346032E-04
1.3490000E-03    -7.2596609E-04
1.3496200E-03    -1.2186880E-04
1.3502500E-03    1.3601135E-03
1.3508700E-03    2.6472944E-03
1.3514900E-03    2.5143156E-03
1.3521100E-03    1.7760396E-03
1.3527400E-03    2.9162099E-04
1.3533600E-03    -6.4910318E-04
1.3539800E-03    -6.6101382E-04
1.3546100E-03    2.3877155E-04
1.3552300E-03    1.8510758E-03
1.3558500E-03    1.5749234E-03
1.3564800E-03    3.2103743E-04
1.3571000E-03    -1.9423467E-04
1.3577300E-03    -2.6962889E-04
1.3583600E-03    -3.1745323E-04
1.3589800E-03    -1.5037567E-04
1.3596100E-03    2.6291899E-04
1.3602300E-03    4.1211798E-04
1.3608600E-03    3.3245252E-04
1.3614900E-03    -3.8135511E-04
1.3621100E-03    -5.0624359E-04
1.3627400E-03    3.9956206E-04
1.3633700E-03    1.5304277E-03
1.3640000E-03    7.9783876E-04
1.3646300E-03    3.1960257E-05
1.3652500E-03    -5.4462851E-04
1.3658800E-03    -4.7597963E-04
1.3665100E-03    5.6022724E-04
1.3671400E-03    2.2260484E-03
1.3677700E-03    1.8403805E-03
1.3684000E-03    2.5751437E-04
1.3690300E-03    -3.6951242E-04
1.3696600E-03    4.3274631E-04
1.3702900E-03    9.4777494E-04
1.3709300E-03    -1.6554627E-04
1.3715600E-03    -6.3718740E-04
1.3721900E-03    -4.9628651E-05
1.3728200E-03    4.3364397E-04
1.3734500E-03    -3.0837376E-04
1.3740900E-03    -2.4664004E-04
1.3747200E-03    8.2246963E-04
1.3753500E-03    3.7981823E-04
1.3759900E-03    -5.2338112E-04
1.3766200E-03    -6.6483748E-05
1.3772500E-03    8.7975916E-04
1.3778900E-03    2.2131308E-04
1.3785200E-03    -4.2508045E-04
1.3791600E-03    -3.4709259E-05
1.3797900E-03    1.7215794E-03
1.3804300E-03    2.5406291E-03
1.3810600E-03    8.4943438E-04
1.3817000E-03    -3.5739776E-04
1.3823400E-03    -5.3227942E-04
1.3829700E-03    -1.9645754E-04
1.3836100E-03    -7.6728217E-05
1.3842500E-03    3.1024527E-04
1.3848900E-03    1.0855484E-03
1.3855200E-03    1.1497745E-04
1.3861600E-03    -6.0362453E-04
1.3868000E-03    -1.8369339E-04
1.3874400E-03    1.0329704E-03
1.3880800E-03    2.4412356E-03
1.3887200E-03    2.1732998E-03
1.3893600E-03    5.3299699E-04
1.3900000E-03    -5.6034241E-04
1.3906400E-03    -4.7485493E-04
1.3912800E-03    9.5071220E-04
1.3919200E-03    9.1744047E-04
1.3925600E-03    -4.0555105E-04
1.3932000E-03    -7.0728315E-04
1.3938400E-03    5.3932562E-05
1.3944900E-03    1.6470733E-03
1.3951300E-03    5.4446439E-04
1.3957700E-03    -6.0754025E-04
1.3964100E-03    -6.3433283E-04
1.3970600E-03    3.2768248E-04
1.3977000E-03    2.2107749E-03
1.3983500E-03    2.3311238E-03
1.3989900E-03    2.2607231E-04
1.3996300E-03    -7.2099078E-04
1.4002800E-03    -5.9291863E-04
1.4009200E-03    5.3436641E-04
1.4015700E-03    2.5994574E-03
1.4022200E-03    4.0622918E-03
1.4028600E-03    2.0104956E-03
1.4035100E-03    1.5764690E-04
1.4041500E-03    -7.0035402E-04
1.4048000E-03    -5.7564523E-04
1.4054500E-03    4.7122944E-04
1.4061000E-03    1.5146866E-03
1.4067400E-03    1.3951644E-03
1.4073900E-03    1.7722460E-03
1.4080400E-03    8.6085373E-04
1.4086900E-03    -3.7708883E-04
1.4093400E-03    -7.5832165E-04
1.4099900E-03    -2.0098746E-04
1.4106400E-03    1.1925503E-03
1.4112900E-03    1.2257261E-03
1.4119400E-03    5.6037586E-04
1.4125900E-03    1.5413583E-03
1.4132400E-03    1.6699966E-03
1.4138900E-03    6.4912390E-04
1.4145400E-03    4.8186424E-04
1.4151900E-03    1.9210492E-04
1.4158400E-03    -4.8156343E-04
1.4165000E-03    -4.8199290E-04
1.4171500E-03    2.7037757E-04
1.4178000E-03    1.6485403E-04
1.4184500E-03    -2.0740118E-04
1.4191100E-03    1.2170754E-03
1.4197600E-03    3.1365976E-03
1.4204100E-03    1.1402920E-03
1.4210700E-03    -3.6216410E-04
1.4217200E-03    -7.7887591E-04
1.4223800E-03    -2.2888508E-04
1.4230300E-03    1.2255362E-03
1.4236900E-03    2.1188829E-03
1.4243500E-03    7.7475384E-04
1.4250000E-03    1.6182673E-04
1.4256600E-03    1.0058241E-03
1.4263100E-03    2.8581267E-04
1.4269700E-03    -6.7109227E-04
1.4276300E-03    -5.9174629E-04
1.4282900E-03    5.1508121E-04
1.4289400E-03    2.6348144E-03
1.4296000E-03    2.5697654E-03
1.4302600E-03    9.5748546E-05
1.4309200E-03    -6.8277954E-04
1.4315800E-03    -1.9488698E-04
1.4322400E-03    2.3192202E-03
1.4329000E-03    2.2446684E-03
1.4335600E-03    2.9496452E-04
1.4342200E-03    -6.7011146E-04
1.4348800E-03    -6.4106074E-04
1.4355400E-03    4.2969081E-04
1.4362000E-03    1.8388106E-03
1.4368600E-03    1.8310088E-03
1.4375300E-03    1.5171628E-03
1.4381900E-03    5.1237376E-05
1.4388500E-03    -7.3350824E-04
1.4395100E-03    -5.2061395E-04
1.4401800E-03    8.1937448E-04
1.4408400E-03    2.6700613E-03
1.4415000E-03    2.2620768E-03
1.4421700E-03    1.2282908E-03
1.4428300E-03    4.4213988E-04
1.4435000E-03    -4.8699941E-04
1.4441600E-03    -7.7063238E-05
1.4448300E-03    1.5256192E-03
1.4454900E-03    6.2719013E-04
1.4461600E-03    -5.6884908E-04
1.4468300E-03    -7.2028100E-04
1.4474900E-03    1.7928300E-04
1.4481600E-03    2.1309137E-03
1.4488300E-03    3.7240091E-03
1.4494900E-03    1.4976728E-03
1.4501600E-03    3.0734521E-04
1.4508300E-03    2.9561871E-05
1.4515000E-03    -5.7369471E-05
1.4521700E-03    -6.4362554E-05
1.4535000E-03    2.1846109E-04
1.4541700E-03    5.0650080E-04
1.4548400E-03    1.0632754E-03
1.4555100E-03    2.4602144E-03
1.4561800E-03    2.0754843E-03
1.4568600E-03    4.2881653E-04
1.4575300E-03    -6.4815657E-04
1.4582000E-03    -6.7953938E-04
1.4588700E-03    2.9455555E-04
1.4595400E-03    2.2561648E-03
1.4602100E-03    3.9240593E-03
1.4608900E-03    2.1629048E-03
1.4615600E-03    8.3664084E-04
1.4622300E-03    2.4665548E-03
1.4629100E-03    2.9371673E-03
1.4635800E-03    1.0520991E-03
1.4642500E-03    -4.0368555E-04
1.4649300E-03    -7.0664455E-04
1.4656000E-03    2.8543806E-04
1.4662800E-03    1.5060458E-03
1.4669500E-03    -5.1419362E-05
1.4676300E-03    -7.4354200E-04
1.4683100E-03    -4.1596595E-04
1.4689800E-03    1.1114708E-03
1.4696600E-03    2.6511846E-03
1.4703400E-03    1.4373126E-03
1.4710100E-03    1.2318688E-03
1.4716900E-03    6.8580851E-04
1.4723700E-03    -4.0119964E-04
1.4730500E-03    -7.2902168E-04
1.4737300E-03    -7.0475795E-05
1.4744100E-03    1.5845419E-03
1.4750800E-03    2.7503927E-03
1.4757600E-03    1.3687396E-03
1.4764400E-03    -2.3533304E-04
1.4771200E-03    -7.8841645E-04
1.4778000E-03    -3.0310164E-04
1.4784900E-03    1.3030741E-03
1.4791700E-03    3.3357305E-03
1.4798500E-03    1.5091558E-03
1.4805300E-03    2.8705051E-05
1.4812100E-03    -3.4446849E-04
1.4818900E-03    -7.7147785E-05
1.4825800E-03    7.9493865E-04
1.4832600E-03    4.3214540E-04
1.4839400E-03    -6.0809473E-04
1.4846300E-03    -6.2043571E-04
1.4853100E-03    5.7135993E-04
1.4859900E-03    1.7237346E-03
1.4866800E-03    -1.1641163E-04
1.4873600E-03    -7.2075334E-04
1.4880500E-03    -7.1180182E-06
1.4887300E-03    1.9703508E-03
1.4894200E-03    2.6376148E-03
1.4901100E-03    1.7528484E-04
1.4907900E-03    -7.2049689E-04
1.4914800E-03    -4.8114674E-04
1.4921700E-03    7.3730513E-04
1.4928500E-03    1.1726340E-03
1.4935400E-03    9.8310221E-07
1.4942300E-03    3.2841216E-04
1.4949200E-03    7.3950385E-04
1.4956100E-03    -3.2987379E-04
1.4963000E-03    -5.0426291E-04
1.4969900E-03    1.2626213E-03
1.4976700E-03    1.7922111E-03
1.4983600E-03    -4.4375955E-05
1.4990600E-03    -7.7046117E-04
1.4997500E-03    -4.7468533E-04
1.5004400E-03    9.6696146E-04
1.5011300E-03    2.9876874E-03
1.5018200E-03    2.7769803E-03
1.5025100E-03    5.9243418E-04
1.5032000E-03    3.6085799E-04
1.5039000E-03    1.2611538E-03
1.5045900E-03    2.1889651E-03
1.5052800E-03    8.2048544E-04
1.5059800E-03    -5.4001853E-04
1.5066700E-03    -7.2477589E-04
1.5073600E-03    7.4934832E-05
1.5080600E-03    1.3657530E-03
1.5087500E-03    1.4909682E-03
1.5094500E-03    1.5366908E-03
1.5101400E-03    2.5707320E-04
1.5108400E-03    -3.4518818E-04
1.5115300E-03    -6.6806107E-05
1.5122300E-03    4.2873810E-06
1.5129300E-03    2.3389916E-04
1.5136200E-03    1.7103169E-06
1.5143200E-03    -5.4915822E-04
1.5150200E-03    -2.5990772E-04
1.5157200E-03    6.0608013E-04
1.5164200E-03    1.0278619E-03
1.5171100E-03    1.7824830E-03
1.5178100E-03    1.6977551E-03
1.5185100E-03    -3.2792177E-05
1.5192100E-03    -2.8891961E-04
1.5199100E-03    1.1306686E-03
1.5206100E-03    6.7195681E-04
1.5213100E-03    -5.7532102E-04
1.5220100E-03    -6.7662562E-04
1.5227100E-03    2.9903433E-04
1.5234200E-03    1.9350916E-03
1.5241200E-03    2.2494692E-03
1.5248200E-03    1.9216211E-03
1.5255200E-03    2.8393940E-03
1.5262200E-03    1.5284936E-03
1.5269300E-03    -8.3998058E-05
1.5276300E-03    -7.5973248E-04
1.5283300E-03    -4.2468446E-04
1.5290400E-03    1.1147768E-03
1.5297400E-03    3.6153854E-03
1.5304500E-03    2.7100986E-03
1.5311500E-03    2.3731309E-04
1.5318600E-03    -7.1445385E-04
1.5325600E-03    -6.2462216E-04
1.5332700E-03    5.7949606E-04
1.5339800E-03    2.7692035E-03
1.5346800E-03    3.8659256E-03
1.5353900E-03    2.1024248E-03
1.5361000E-03    7.1827900E-04
1.5368000E-03    -1.7030255E-04
1.5375100E-03    -6.2437095E-04
1.5382200E-03    -2.7916138E-04
1.5389300E-03    1.1810792E-03
1.5396400E-03    7.3462693E-04
1.5403500E-03    -6.4972314E-04
1.5410600E-03    -5.8755414E-04
1.5417700E-03    6.3020109E-04
1.5424800E-03    2.3322936E-03
1.5431900E-03    1.5726126E-03
1.5439000E-03    6.8889563E-04
1.5446100E-03    1.3743203E-03
1.5453200E-03    1.1641107E-03
1.5460300E-03    -5.7076915E-06
1.5467500E-03    -6.0288003E-04
1.5474600E-03    6.5396114E-05
1.5481700E-03    2.4446696E-03
1.5488800E-03    3.1580283E-03
1.5496000E-03    1.3574590E-03
1.5503100E-03    1.3698285E-04
1.5510300E-03    -2.9387067E-04
1.5517400E-03    -4.8184113E-04
1.5524600E-03    -3.9369271E-04
1.5531700E-03    6.0845104E-04
1.5538900E-03    2.5639908E-03
1.5546000E-03    4.0218973E-03
1.5553200E-03    1.5070253E-03
1.5560300E-03    -3.2598029E-05
1.5567500E-03    9.4855349E-05
1.5574700E-03    1.8846698E-03
1.5581900E-03    9.0146057E-04
1.5589000E-03    -4.7416584E-04
1.5596200E-03    -7.5881256E-04
1.5603400E-03    6.0092479E-05
1.5610600E-03    1.9207972E-03
1.5617800E-03    1.7329604E-03
1.5625000E-03    -5.9631378E-05
1.5632200E-03    1.6213393E-04
1.5639400E-03    1.5115666E-03
1.5646600E-03    1.4691948E-03
1.5653800E-03    2.6245443E-05
1.5661000E-03    -6.8013129E-04
1.5668200E-03    -1.2700949E-04
1.5675400E-03    1.3638673E-03
1.5682700E-03    9.2859548E-04
1.5689900E-03    -2.2846300E-04
1.5697100E-03    -5.8874449E-04
1.5704300E-03    -1.4908388E-04
1.5711600E-03    4.4058459E-04
1.5718800E-03    1.8001959E-04
1.5726100E-03    9.7693723E-04
1.5733300E-03    1.6915089E-03
1.5740500E-03    -1.0729021E-04
1.5747800E-03    -7.4445109E-04
1.5755000E-03    -1.8840621E-04
1.5762300E-03    1.6027554E-03
1.5769600E-03    1.3030147E-03
1.5776800E-03    -3.0750869E-04
1.5784100E-03    -7.7037037E-04
1.5791400E-03    -7.6025943E-05
1.5798600E-03    1.6979989E-03
1.5805900E-03    3.3500354E-03
1.5813200E-03    2.1231712E-03
1.5820500E-03    2.3567184E-04
1.5827800E-03    -7.1472458E-04
1.5835100E-03    -5.5745549E-04
1.5842400E-03    7.3783107E-04
1.5849700E-03    2.4690878E-03
1.5857000E-03    2.5860616E-03
1.5864300E-03    1.7435165E-03
1.5871600E-03    1.1979613E-05
1.5878900E-03    -6.8030892E-04
1.5886200E-03    -5.7617251E-06
1.5893500E-03    6.2294313E-04
1.5900800E-03    -4.6699976E-04
1.5908200E-03    -5.0047029E-04
1.5915500E-03    7.6754428E-04
1.5922800E-03    2.9286510E-03
1.5930200E-03    2.8435011E-03
1.5937500E-03    5.4816643E-04
1.5944800E-03    -6.1327119E-04
1.5952200E-03    -6.0043278E-04
1.5959500E-03    9.3922701E-04
1.5966900E-03    3.5621559E-03
1.5974200E-03    1.5400106E-03
1.5981600E-03    -2.3717413E-04
1.5989000E-03    -7.8562280E-04
1.5996300E-03    -2.6693398E-04
1.6003700E-03    1.4665360E-03
1.6011100E-03    3.4655901E-03
1.6018400E-03    1.6680817E-03
1.6025800E-03    3.7326115E-04
1.6033200E-03    2.1252862E-03
1.6040600E-03    2.1439015E-03
1.6048000E-03    2.4519302E-04
1.6055400E-03    -7.0124194E-04
1.6062800E-03    -5.0071653E-04
1.6070200E-03    7.0481870E-04
1.6077600E-03    7.3648808E-04
1.6085000E-03    -1.5809619E-05
1.6092400E-03    9.1795829E-04
1.6099800E-03    3.0168535E-03
1.6107200E-03    2.9970138E-03
1.6114600E-03    1.1171677E-03
1.6122100E-03    -2.7711279E-04
1.6129500E-03    -6.7399024E-04
1.6136900E-03    -2.2745546E-04
1.6144400E-03    1.2355790E-03
1.6151800E-03    2.0624733E-03
1.6159200E-03    -8.6946328E-05
1.6166700E-03    -7.6348359E-04
1.6174100E-03    -2.6804792E-04
1.6181600E-03    1.5096336E-03
1.6189000E-03    2.7949345E-03
1.6196500E-03    8.3004477E-04
1.6204000E-03    -5.0740719E-04
1.6211400E-03    -6.7480133E-04
1.6218900E-03    3.8181215E-04
1.6226400E-03    2.0562623E-03
1.6233800E-03    2.7182860E-04
1.6241300E-03    -6.6782515E-04
1.6248800E-03    -3.7653578E-04
1.6256300E-03    5.4306122E-04
1.6263800E-03    4.2515559E-04
1.6271300E-03    3.2474109E-04
1.6278800E-03    4.2673268E-04
1.6286300E-03    6.0745076E-04
1.6293800E-03    8.2077644E-04
1.6301300E-03    3.8671543E-04
1.6308800E-03    7.4324016E-05
1.6316300E-03    8.9926995E-04
1.6323800E-03    2.0119156E-03
1.6331300E-03    6.1444390E-04
1.6338800E-03    -4.9914694E-04
1.6346400E-03    1.3450847E-04
1.6353900E-03    1.4423066E-03
1.6361400E-03    -5.8249095E-06
1.6369000E-03    -7.7110538E-04
1.6376500E-03    -3.4919179E-04
1.6384100E-03    1.3347473E-03
1.6391600E-03    3.4598209E-03
1.6399200E-03    2.5171920E-03
1.6406700E-03    4.1807471E-04
1.6414300E-03    3.9462712E-04
1.6421800E-03    4.7204877E-04
1.6429400E-03    5.2341571E-04
1.6437000E-03    6.2322990E-04
1.6444500E-03    5.9513894E-04
1.6452100E-03    -3.6843150E-05
1.6459700E-03    -4.6711864E-04
1.6467300E-03    -2.9666490E-04
1.6474900E-03    1.1663538E-03
1.6482400E-03    2.6292653E-03
1.6490000E-03    7.0939588E-04
1.6497600E-03    -6.0850267E-04
1.6505200E-03    -6.4451206E-04
1.6512800E-03    4.3942345E-04
1.6520400E-03    7.5583285E-04
1.6528100E-03    -4.1747098E-05
1.6535700E-03    6.2682053E-04
1.6543300E-03    1.3636129E-03
1.6550900E-03    2.2071412E-03
1.6558500E-03    2.2674426E-03
1.6566200E-03    8.0592733E-04
1.6573800E-03    3.5677548E-04
1.6581400E-03    1.5358306E-04
1.6589100E-03    -5.2611502E-04
1.6596700E-03    -5.3601260E-04
1.6604400E-03    4.0084259E-04
1.6612000E-03    1.6349515E-03
1.6619700E-03    2.4815231E-03
1.6627300E-03    1.7952314E-03
1.6635000E-03    1.5680388E-04
1.6642600E-03    -7.1529161E-04
1.6650300E-03    -4.8395046E-04
1.6658000E-03    9.7128071E-04
1.6665600E-03    3.1123879E-03
1.6673300E-03    2.1329372E-03
1.6681000E-03    6.0992064E-04
1.6688700E-03    -2.3745137E-04
1.6696400E-03    -4.5704482E-04
1.6704100E-03    2.2018629E-04
1.6711800E-03    2.1861156E-03
1.6719500E-03    1.2066817E-03
1.6727200E-03    -3.7296491E-04
1.6734900E-03    -7.5954250E-04
1.6742600E-03    -1.9417476E-05
1.6750300E-03    1.9180170E-03
1.6758000E-03    3.5771965E-03
1.6765700E-03    2.0445280E-03
1.6773500E-03    2.5031964E-03
1.6781200E-03    1.5581049E-03
1.6788900E-03    -1.8221404E-04
1.6796600E-03    -7.8792284E-04
1.6804400E-03    -2.3495957E-04
1.6812100E-03    1.6158562E-03
1.6819900E-03    2.7491185E-03
1.6827600E-03    1.7480748E-03
1.6835400E-03    1.3473819E-04
1.6843100E-03    -7.2231313E-04
1.6850900E-03    -5.0340257E-04
1.6858600E-03    9.3579741E-04
1.6866400E-03    3.0800711E-03
1.6874200E-03    3.1537740E-03
1.6882000E-03    1.7548001E-03
1.6889700E-03    1.0510080E-03
1.6897500E-03    -3.2545682E-04
1.6905300E-03    -4.1930031E-04
1.6913100E-03    1.8523245E-03
1.6920900E-03    1.5722749E-03
1.6928700E-03    -2.4606855E-04
1.6936500E-03    -7.8617388E-04
1.6944300E-03    -1.8764800E-04
1.6952100E-03    1.8107467E-03
1.6959900E-03    4.0248393E-03
1.6967700E-03    2.2814985E-03
1.6975500E-03    4.7234425E-04
1.6983300E-03    -2.1104131E-04
1.6991200E-03    1.1316928E-03
1.6999000E-03    3.0457150E-03
1.7006800E-03    1.1066036E-03
1.7014700E-03    -3.8260898E-04
1.7022500E-03    -5.6725743E-04
1.7030300E-03    1.7046591E-04
1.7038200E-03    1.4681126E-04
1.7046000E-03    2.4712987E-04
1.7053900E-03    1.8713993E-04
1.7061700E-03    -5.5400999E-04
1.7069600E-03    -6.7778240E-05
1.7077500E-03    1.6667836E-03
1.7085300E-03    2.2537822E-03
1.7093200E-03    3.9403920E-04
1.7101100E-03    -7.0498291E-04
1.7108900E-03    -5.8278254E-04
1.7116800E-03    8.0595083E-04
1.7124700E-03    2.9040450E-03
1.7132600E-03    1.1735521E-03
1.7140500E-03    -4.9083354E-04
1.7148400E-03    2.2102371E-04
1.7156300E-03    1.4245568E-03
1.7164200E-03    7.6420536E-04
1.7172100E-03    1.0792017E-03
1.7180000E-03    6.8073354E-04
1.7187900E-03    -4.4890362E-04
1.7195800E-03    -5.4325372E-04
1.7203800E-03    1.8370003E-04
1.7211700E-03    1.2697823E-03
1.7219600E-03    5.3402879E-04
1.7227600E-03    -5.8982453E-04
1.7235500E-03    -4.0952915E-04
1.7243400E-03    6.7920709E-04
1.7251400E-03    1.3523006E-03
1.7259300E-03    3.5858080E-05
1.7267300E-03    -7.1019170E-04
1.7275200E-03    -2.9497032E-04
1.7283200E-03    8.7686652E-04
1.7291100E-03    1.1925906E-03
1.7299100E-03    3.4330897E-04
1.7307100E-03    -5.1268819E-04
1.7315100E-03    -4.9523367E-04
1.7323000E-03    6.0455541E-04
1.7331000E-03    2.3607482E-03
1.7339000E-03    2.8936546E-03
1.7347000E-03    8.9976420E-04
1.7355000E-03    -4.2429730E-04
1.7363000E-03    -7.0430618E-04
1.7371000E-03    1.9016957E-04
1.7379000E-03    2.4576319E-03
1.7387000E-03    8.9419495E-04
1.7395000E-03    -6.1735146E-04
1.7403000E-03    -6.5596657E-04
1.7411000E-03    5.6898148E-04
1.7419000E-03    1.9760688E-03
1.7427100E-03    1.2314865E-03
1.7435100E-03    1.2556142E-03
1.7443100E-03    1.4413038E-03
1.7451200E-03    3.0693160E-03
1.7459200E-03    1.8735569E-03
1.7467200E-03    -6.6745733E-05
1.7475300E-03    -7.7850244E-04
1.7483300E-03    -2.9097321E-04
1.7491400E-03    1.4537899E-03
1.7499400E-03    3.6377135E-03
1.7507500E-03    2.8655912E-03
1.7515600E-03    3.1143316E-03
1.7523600E-03    2.7892961E-03
1.7531700E-03    5.5238965E-04
1.7539800E-03    -6.8045642E-04
1.7547900E-03    -5.2528063E-04
1.7556000E-03    1.0686123E-03
1.7564000E-03    6.2313323E-04
1.7572100E-03    -6.8358597E-04
1.7580200E-03    -3.6743595E-04
1.7588300E-03    1.0557605E-03
1.7596400E-03    6.7751837E-04
1.7604500E-03    2.8534257E-04
1.7612600E-03    2.5748328E-03
1.7620800E-03    1.7619356E-03
1.7628900E-03    3.7492865E-04
1.7637000E-03    -3.5606425E-04
1.7645100E-03    -5.8657375E-04
1.7653300E-03    -4.9947518E-05
1.7661400E-03    1.6405350E-03
1.7669500E-03    2.7874016E-03
1.7677700E-03    3.9008832E-04
1.7685800E-03    7.2996209E-04
1.7693900E-03    2.0731280E-04
1.7702100E-03    2.3212769E-04
1.7710300E-03    1.8090138E-03
1.7718400E-03    4.2402548E-04
1.7726600E-03    -7.2459310E-04
1.7734700E-03    -5.1966105E-04
1.7742900E-03    9.5174594E-04
1.7751100E-03    1.5910773E-03
1.7759300E-03    4.6357936E-04
1.7767400E-03    1.6231871E-03
1.7775600E-03    2.9735733E-04
1.7783800E-03    -5.0687863E-04
1.7792000E-03    -2.6097284E-04
1.7800200E-03    1.1433797E-04
1.7808400E-03    -1.3135955E-04
1.7816600E-03    -9.1218573E-05
1.7824800E-03    7.8787460E-04
1.7833000E-03    6.4943899E-04
1.7841200E-03    2.2791043E-04
1.7849500E-03    1.4017178E-03
1.7857700E-03    2.9118402E-03
1.7865900E-03    1.3694878E-03
1.7874100E-03    -3.1168458E-04
1.7882400E-03    -7.3429747E-04
1.7890600E-03    1.1726339E-06
1.7898900E-03    9.2038306E-04
1.7907100E-03    7.0967033E-04
1.7915400E-03    1.4638154E-03
1.7923600E-03    1.9866312E-03
1.7931900E-03    7.6406389E-04
1.7940100E-03    6.6672139E-04
1.7948400E-03    8.2848625E-04
1.7956700E-03    -2.7547699E-04
1.7964900E-03    -7.1920113E-04
1.7973200E-03    -2.4113594E-06
1.7981500E-03    2.0535027E-03
1.7989800E-03    2.1094235E-03
1.7998100E-03    -9.7922044E-05
1.8006300E-03    -6.6817796E-04
1.8014600E-03    3.4389206E-04
1.8022900E-03    5.7071420E-04
1.8031200E-03    -6.3632702E-04
1.8039500E-03    -4.1672568E-04
1.8047900E-03    1.2687397E-03
1.8056200E-03    3.2579476E-03
1.8064500E-03    1.3381037E-03
1.8072800E-03    -1.4698319E-04
1.8081100E-03    -4.3778981E-04
1.8089500E-03    -2.5881460E-04
1.8097800E-03    -1.4855625E-04
1.8106100E-03    6.9329180E-04
1.8114500E-03    2.2278073E-03
1.8122800E-03    1.9895929E-03
1.8131200E-03    1.6706533E-03
1.8139500E-03    1.9295420E-03
1.8147900E-03    2.1018621E-04
1.8156200E-03    -7.4587019E-04
1.8164600E-03    -4.0901931E-04
1.8173000E-03    1.2171809E-03
1.8181300E-03    2.4895491E-03
1.8189700E-03    1.6749484E-06
1.8198100E-03    -4.6292166E-04
1.8206500E-03    4.5241985E-04
1.8214900E-03    9.5033469E-04
1.8223300E-03    6.2533929E-04
1.8231700E-03    1.0127668E-03
1.8240100E-03    1.0018343E-03
1.8248500E-03    6.9943889E-04
1.8256900E-03    2.0398885E-04
1.8265300E-03    -5.2045134E-04
1.8273700E-03    -5.1599132E-04
1.8282100E-03    5.3922757E-04
1.8290500E-03    2.2735332E-03
1.8299000E-03    3.3259783E-03
1.8307400E-03    1.2095045E-03
1.8315800E-03    -4.1979937E-04
1.8324300E-03    -6.3083204E-04
1.8332700E-03    6.8697410E-04
1.8341100E-03    4.9683970E-04
1.8349600E-03    -6.5145004E-04
1.8358000E-03    -3.7222995E-04
1.8366500E-03    1.0427592E-03
1.8375000E-03    2.7712695E-03
1.8383400E-03    2.1624672E-03
1.8391900E-03    6.2855648E-04
1.8400400E-03    -5.3295846E-04
1.8408800E-03    -5.6006414E-04
1.8417300E-03    1.2275145E-03
1.8425800E-03    1.8104364E-03
1.8434300E-03    -1.1157601E-04
1.8442800E-03    -3.0375138E-04
1.8451300E-03    4.5700281E-04
1.8459800E-03    -3.8405251E-04
1.8468300E-03    -5.3493084E-04
1.8476800E-03    8.2859667E-04
1.8485300E-03    6.5834921E-04
1.8493800E-03    -2.4306030E-04
1.8502300E-03    8.3256048E-04
1.8510900E-03    2.3865498E-04
1.8519400E-03    -3.1643378E-04
1.8527900E-03    -3.9271938E-04
1.8536500E-03    -2.3412219E-04
1.8545000E-03    9.6968555E-04
1.8553500E-03    2.9871875E-03
1.8562100E-03    1.9906065E-03
1.8570600E-03    3.2566593E-05
1.8579200E-03    -7.4910971E-04
1.8587800E-03    -3.0069853E-04
1.8596300E-03    1.4550470E-03
1.8604900E-03    2.8251352E-03
1.8613500E-03    4.8157782E-04
1.8622000E-03    -5.3793400E-04
1.8630600E-03    2.3302474E-05
1.8639200E-03    4.9013179E-04
1.8647800E-03    -4.5804851E-04
1.8656400E-03    -2.6138538E-04
1.8665000E-03    7.4638387E-04
1.8673600E-03    6.6982976E-04
1.8682200E-03    -2.2220604E-05
1.8690800E-03    -1.1852959E-04
1.8699400E-03    6.0776604E-04
1.8708000E-03    2.1658375E-03
1.8716600E-03    2.6938810E-03
1.8725200E-03    9.5693001E-04
1.8733900E-03    -3.4754422E-04
1.8742500E-03    -6.3408065E-04
1.8751100E-03    6.9461540E-05
1.8759800E-03    1.4654481E-03
1.8768400E-03    1.1571228E-03
1.8777100E-03    -2.8863497E-04
1.8785700E-03    -7.4346980E-04
1.8794400E-03    9.4621690E-05
1.8803000E-03    2.2305870E-03
1.8811700E-03    3.1310447E-03
1.8820300E-03    7.7284820E-04
1.8829000E-03    6.4606931E-04
1.8837700E-03    3.0162336E-03
1.8846400E-03    2.1166184E-03
1.8855000E-03    8.7689990E-05
1.8863700E-03    -5.9649228E-04
1.8872400E-03    -2.1862592E-04
1.8881100E-03    1.2141041E-04
1.8889800E-03    3.0896061E-04
1.8898500E-03    5.9027441E-04
1.8907200E-03    1.8616861E-03
1.8915900E-03    7.0065803E-04
1.8924600E-03    -6.6702302E-04
1.8933400E-03    -5.8211382E-04
1.8942100E-03    9.5861065E-04
1.8950800E-03    2.3053703E-03
1.8959500E-03    1.0883446E-03
1.8968300E-03    3.6536248E-04
1.8977000E-03    -4.9456546E-04
1.8985800E-03    -5.9623097E-04
1.8994500E-03    5.6733751E-04
1.9003300E-03    2.7304179E-03
1.9012000E-03    1.4246950E-03
1.9020800E-03    5.5811559E-04
1.9029500E-03    1.0060484E-03
1.9038300E-03    -3.4190465E-04
1.9047100E-03    -6.7691087E-04
1.9055800E-03    4.8032605E-04
1.9064600E-03    1.0248506E-03
1.9073400E-03    -5.0539726E-04
1.9082200E-03    -2.8859986E-04
1.9091000E-03    9.9910023E-04
1.9099800E-03    1.4401290E-03
1.9108600E-03    7.5938669E-04
1.9117400E-03    -5.0249041E-04
1.9126200E-03    -6.7310979E-04
1.9135000E-03    5.5009329E-04
1.9143800E-03    3.0085794E-03
1.9152600E-03    4.1538497E-03
1.9161400E-03    3.1625095E-03
1.9170300E-03    2.9271836E-03
1.9179100E-03    5.0011953E-04
1.9187900E-03    -6.8584996E-04
1.9196800E-03    -4.0693289E-04
1.9205600E-03    6.5799221E-04
1.9214500E-03    1.7153047E-04
1.9223300E-03    1.0540953E-03
1.9232200E-03    9.8816443E-04
1.9241000E-03    -5.6336747E-04
1.9249900E-03    -6.6192546E-04
1.9258800E-03    7.2944478E-04
1.9267600E-03    3.6850458E-03
1.9276500E-03    2.0221014E-03
1.9285400E-03    -1.7267977E-04
1.9294300E-03    -7.5523266E-04
1.9303200E-03    1.6251185E-04
1.9312100E-03    1.4205184E-03
1.9321000E-03    -1.1960045E-04
1.9329900E-03    -4.7878603E-04
1.9338800E-03    -2.3764235E-04
1.9347700E-03    5.6967773E-04
1.9356600E-03    2.4579023E-03
1.9365500E-03    2.8548996E-03
1.9374400E-03    7.5532737E-04
1.9383300E-03    -5.4996819E-04
1.9392300E-03    -2.9696064E-04
1.9401200E-03    6.9100760E-04
1.9410100E-03    -3.2806546E-04
1.9419100E-03    -4.9032896E-04
1.9428000E-03    4.3154961E-04
1.9437000E-03    1.5190553E-03
1.9445900E-03    1.5628567E-03
1.9454900E-03    -7.6908559E-05
1.9463900E-03    1.4111375E-03
1.9472800E-03    2.8992268E-03
1.9481800E-03    6.6784041E-04
1.9490800E-03    -6.0118079E-04
1.9499700E-03    -3.9541366E-04
1.9508700E-03    5.1462493E-04
1.9517700E-03    2.2182318E-04
1.9526700E-03    9.2110138E-04
1.9535700E-03    -2.1028097E-04
1.9544700E-03    -7.2321932E-04
1.9553700E-03    1.6061912E-04
1.9562700E-03    2.3186691E-03
1.9571700E-03    3.7232957E-03
1.9580700E-03    2.8346146E-03
1.9589800E-03    1.0788062E-03
1.9598800E-03    -4.8413367E-04
1.9607800E-03    -6.5558516E-04
1.9616800E-03    5.0632322E-04
1.9625900E-03    1.2761196E-03
1.9634900E-03    1.1140149E-03
1.9644000E-03    1.5026464E-04
1.9653000E-03    -3.0237115E-04
1.9662100E-03    -4.1152171E-04
1.9671100E-03    -2.3473615E-04
1.9680200E-03    1.0200216E-03
1.9689300E-03    2.6068939E-03
1.9698300E-03    9.8235473E-04
1.9707400E-03    6.3137699E-04
1.9716500E-03    2.7908407E-04
1.9725600E-03    -5.7258795E-04
1.9734700E-03    -4.4804135E-04
1.9743700E-03    8.2435737E-04
1.9752800E-03    1.6572763E-03
1.9761900E-03    -3.3343627E-04
1.9771000E-03    -4.2210643E-04
1.9780200E-03    1.2397476E-04
1.9789300E-03    3.4276095E-04
1.9798400E-03    1.2911950E-03
1.9807500E-03    -1.8022552E-04
1.9816600E-03    -5.9616667E-04
1.9825800E-03    6.8398921E-04
1.9834900E-03    1.1142634E-03
1.9844000E-03    1.8349891E-04
1.9853200E-03    9.0798666E-04
1.9862300E-03    2.7971182E-04
1.9871500E-03    -7.1153297E-04
1.9880600E-03    -3.6144470E-04
1.9889800E-03    1.5965032E-03
1.9898900E-03    1.0162981E-03
1.9908100E-03    -3.0546489E-04
1.9917300E-03    -1.4642171E-04
1.9926500E-03    3.2217881E-04
1.9935600E-03    8.9646401E-04
1.9944800E-03    -8.6672741E-05
1.9954000E-03    -4.0037844E-05
1.9963200E-03    -1.9560976E-04
1.9972400E-03    -4.8666028E-04
1.9981600E-03    6.6072308E-04
1.9990800E-03    5.4792831E-04
2.0000000E-03    -6.0114930E-04
2.0009200E-03    -2.5859813E-04
2.0018400E-03    1.4892520E-03
2.0027700E-03    1.2610240E-03
2.0036900E-03    1.0130804E-04
2.0046100E-03    2.2265289E-03
2.0055300E-03    1.1332274E-03
2.0064600E-03    1.1358903E-04
2.0073800E-03    9.6177590E-05
2.0083100E-03    -3.3599596E-04
2.0092300E-03    -5.6512104E-04
2.0101600E-03    5.4166036E-04
2.0110800E-03    1.9121683E-03
2.0120100E-03    1.5126262E-04
2.0129400E-03    -6.3517861E-04
2.0138700E-03    2.3301349E-04
2.0147900E-03    9.7995825E-04
2.0157200E-03    -4.3261792E-04
2.0166500E-03    2.8054201E-04
2.0175800E-03    1.1779631E-03
2.0185100E-03    -2.8060477E-04
2.0194400E-03    -4.5969146E-04
2.0203700E-03    6.1648549E-04
2.0213000E-03    -2.3638884E-04
2.0222300E-03    -5.6954052E-04
2.0231600E-03    5.7785985E-04
2.0240900E-03    2.2608053E-03
2.0250300E-03    3.2484403E-04
2.0259600E-03    -5.4972477E-05
2.0268900E-03    3.0382365E-04
2.0278300E-03    -4.7199101E-04
2.0287600E-03    -5.1252614E-04
2.0296900E-03    8.6658198E-04
2.0306300E-03    3.1836587E-03
2.0315700E-03    7.9072686E-04
2.0325000E-03    -3.4745317E-04
2.0334400E-03    1.1610619E-03
2.0343700E-03    7.7250898E-04
2.0353100E-03    -3.6080970E-04
2.0362500E-03    -1.7265802E-04
2.0371900E-03    1.9056125E-04
2.0381300E-03    1.1298593E-04
2.0390600E-03    -4.6191843E-04
2.0400000E-03    -9.2673515E-05
2.0409400E-03    1.4964276E-03
2.0418800E-03    2.9825059E-04
2.0428200E-03    -7.4100833E-04
2.0437700E-03    -2.5707973E-04
2.0447100E-03    1.7105560E-03
2.0456500E-03    6.6227048E-04
2.0465900E-03    -6.1836847E-04
2.0475300E-03    3.8972129E-04
2.0484800E-03    2.5147358E-03
2.0494200E-03    1.8663616E-03
2.0503700E-03    6.5193574E-04
2.0513100E-03    -3.8591733E-05
2.0522500E-03    8.3913923E-04
2.0532000E-03    1.2386552E-03
2.0541500E-03    8.5201240E-05
2.0550900E-03    -6.0959138E-04
2.0560400E-03    -2.9992713E-04
2.0569900E-03    1.0311569E-03
2.0579300E-03    1.3732998E-03
2.0588800E-03    -4.4318436E-04
2.0598300E-03    -5.5229897E-04
2.0607800E-03    6.2165041E-04
2.0617300E-03    9.9649032E-04
2.0626800E-03    1.3978242E-03
2.0636300E-03    1.1657996E-03
2.0645800E-03    1.2080404E-03
2.0655300E-03    -9.2745843E-05
2.0664800E-03    -5.8707837E-04
2.0674300E-03    3.5076306E-05
2.0683900E-03    3.6118453E-05
2.0693400E-03    2.4480726E-04
2.0702900E-03    1.7294293E-03
2.0712500E-03    1.8837068E-03
2.0722000E-03    -1.9366543E-04
2.0731500E-03    -7.4954744E-04
2.0741100E-03    9.5599859E-05
2.0750600E-03    1.5998647E-03
2.0760200E-03    2.4002243E-03
2.0769800E-03    8.6539506E-04
2.0779300E-03    -6.5495008E-04
2.0788900E-03    -5.8570987E-04
2.0798500E-03    9.6783983E-04
2.0808100E-03    1.9470104E-03
2.0817700E-03    1.3115839E-03
2.0827200E-03    1.9400092E-03
2.0836800E-03    5.9264035E-04
2.0846400E-03    2.6574194E-05
2.0856000E-03    -4.0519944E-04
2.0865700E-03    8.2967220E-05
2.0875300E-03    2.7663390E-04
2.0884900E-03    -6.3898360E-04
2.0894500E-03    -5.9094059E-05
2.0904100E-03    1.8985574E-03
2.0913800E-03    2.3026967E-03
2.0923400E-03    1.5966322E-03
2.0933000E-03    1.8792510E-03
2.0942700E-03    1.4314142E-04
2.0952300E-03    -6.9518381E-04
2.0962000E-03    2.5734598E-04
2.0971600E-03    7.2548598E-04
2.0981300E-03    -6.4887111E-04
2.0991000E-03    -2.5012708E-04
2.1000600E-03    1.7354227E-03
2.1010300E-03    8.9017143E-05
2.1020000E-03    -7.1270949E-04
2.1029700E-03    1.4623630E-04
2.1039300E-03    9.9348300E-04
2.1049000E-03    -1.7576880E-04
2.1058700E-03    1.3342493E-03
2.1068400E-03    1.3037598E-03
2.1078100E-03    -4.9990779E-04
2.1087900E-03    -4.8302474E-04
2.1097600E-03    1.2241097E-03
2.1107300E-03    2.9432305E-04
2.1117000E-03    -2.7555034E-04
2.1126700E-03    -3.6147481E-04
2.1136500E-03    -2.8642071E-04
2.1146200E-03    1.0791714E-03
2.1156000E-03    3.5155258E-03
2.1165700E-03    1.4002380E-03
2.1175400E-03    -3.3249513E-04
2.1185200E-03    9.6583970E-04
2.1195000E-03    1.9349370E-03
2.1204700E-03    -9.5855390E-05
2.1214500E-03    -7.4424956E-04
2.1224300E-03    1.7675981E-04
2.1234000E-03    7.4349886E-04
2.1243800E-03    1.5282609E-04
2.1253600E-03    5.7171645E-04
2.1263400E-03    -5.9982406E-04
2.1273200E-03    -4.4839845E-04
2.1283000E-03    1.6320729E-03
2.1292800E-03    1.5822779E-03
2.1302600E-03    -4.5173434E-04
2.1312400E-03    -5.9662373E-04
2.1322200E-03    2.8698541E-04
2.1332100E-03    7.4620313E-04
2.1341900E-03    1.7232023E-03
2.1351700E-03    3.8172850E-03
2.1361600E-03    1.3774884E-03
2.1371400E-03    -3.4643595E-04
2.1381200E-03    -5.3522266E-04
2.1391100E-03    -1.5899296E-04
2.1400900E-03    4.8214644E-04
2.1410800E-03    2.2622288E-03
2.1420700E-03    8.2403608E-04
2.1430500E-03    -6.6829401E-04
2.1440400E-03    -1.1162348E-04
2.1450300E-03    1.3955827E-03
2.1460200E-03    -6.8181150E-05
2.1470100E-03    1.1526467E-04
2.1479900E-03    6.3697551E-04
2.1489800E-03    -5.2947068E-04
2.1499700E-03    -1.8240262E-04
2.1509600E-03    7.4714558E-04
2.1519600E-03    7.6952473E-05
2.1529500E-03    -4.7251095E-04
2.1539400E-03    -3.5147653E-04
2.1549300E-03    1.4511450E-03
2.1559200E-03    8.6456268E-04
2.1569200E-03    -6.1620699E-04
2.1579100E-03    -1.5742921E-04
2.1589000E-03    6.8545637E-04
2.1599000E-03    -2.5544794E-04
2.1608900E-03    -5.2217514E-04
2.1618900E-03    9.9509296E-04
2.1628900E-03    2.3578538E-03
2.1638800E-03    -8.3285745E-05
2.1648800E-03    -7.7387197E-04
2.1658800E-03    1.0892743E-04
2.1668700E-03    2.1158265E-03
2.1678700E-03    7.7180073E-04
2.1688700E-03    -5.7865612E-04
2.1698700E-03    -1.8254754E-04
2.1708700E-03    2.2724466E-04
2.1718700E-03    -4.5912054E-04
2.1728700E-03    6.1974590E-04
2.1738700E-03    1.4434490E-03
2.1748700E-03    3.2295973E-04
2.1758700E-03    -5.1700949E-04
2.1768800E-03    2.1861578E-04
2.1778800E-03    1.4925758E-04
2.1788800E-03    -6.3404748E-04
2.1798900E-03    1.8371464E-05
2.1808900E-03    1.3948992E-03
2.1819000E-03    2.9849953E-03
2.1829000E-03    1.2286814E-03
2.1839100E-03    -5.2392223E-04
2.1849100E-03    -5.7235667E-04
2.1859200E-03    3.6373863E-04
2.1869300E-03    1.1837458E-03
2.1879300E-03    1.5188917E-03
2.1889400E-03    -2.2222502E-04
2.1899500E-03    -3.3670152E-04
2.1909600E-03    8.4864076E-04
2.1919700E-03    3.1171136E-04
2.1929800E-03    -1.4328009E-04
2.1939900E-03    -2.5062173E-04
2.1950000E-03    -2.4389029E-04
2.1960100E-03    1.2551018E-04
2.1970200E-03    1.7153293E-03
2.1980300E-03    2.7373114E-05
2.1990500E-03    -7.4168662E-04
2.2000600E-03    2.6230624E-04
2.2010700E-03    2.0796827E-03
2.2020900E-03    4.1039196E-04
2.2031000E-03    -6.7815401E-04
2.2041200E-03    -3.0465301E-04
2.2051300E-03    1.1921026E-03
2.2061500E-03    -3.6104222E-05
2.2071600E-03    -1.2217351E-04
2.2081800E-03    1.6592774E-03
2.2092000E-03    7.8361071E-05
2.2102100E-03    -3.0504361E-04
2.2112300E-03    1.7464364E-03
2.2122500E-03    2.5755400E-04
2.2132700E-03    -6.6913043E-04
2.2142900E-03    -1.2441111E-04
2.2153100E-03    2.4067093E-04
2.2163300E-03    5.6308655E-04
2.2173500E-03    1.1221090E-03
2.2183700E-03    8.8075210E-04
2.2194000E-03    1.1691865E-04
2.2204200E-03    -5.9574212E-04
2.2214400E-03    7.9611756E-04
2.2224600E-03    3.6455396E-04
2.2234900E-03    -7.4784091E-04
2.2245100E-03    -9.9355643E-05
2.2255400E-03    1.9707153E-03
2.2265600E-03    1.7529616E-03
2.2275900E-03    -1.1572749E-04
2.2286100E-03    -7.8450126E-04
2.2296400E-03    1.2156671E-04
2.2306700E-03    2.4973885E-03
2.2317000E-03    8.6010788E-04
2.2327200E-03    2.0791292E-05
2.2337500E-03    -5.3944421E-04
2.2347800E-03    -2.4907504E-04
2.2358100E-03    1.7248916E-03
2.2368400E-03    1.2719794E-03
2.2378700E-03    -1.7298364E-04
2.2389000E-03    -5.6499152E-04
2.2399300E-03    7.8809926E-04
2.2409600E-03    -5.3670673E-05
2.2420000E-03    -7.2322502E-04
2.2430300E-03    4.6097573E-04
2.2440600E-03    2.3652728E-03
2.2451000E-03    -8.2665970E-05
2.2461300E-03    -2.0320684E-04
2.2471700E-03    1.6607720E-03
2.2482000E-03    3.7352139E-04
2.2492400E-03    1.8435412E-04
2.2502700E-03    1.8953547E-04
2.2513100E-03    -5.7138679E-04
2.2523500E-03    -1.4326216E-04
2.2533800E-03    4.9967159E-04
2.2544200E-03    4.2329486E-04
2.2554600E-03    2.5850357E-04
2.2565000E-03    1.0839471E-03
2.2575400E-03    1.6126190E-03
2.2585800E-03    4.5660565E-04
2.2596200E-03    -5.7868104E-04
2.2606600E-03    2.8879981E-04
2.2617000E-03    1.8466323E-04
2.2627400E-03    -6.7176454E-04
2.2637900E-03    1.3872497E-04
2.2648300E-03    1.0251968E-03
2.2658700E-03    9.3584999E-04
2.2669200E-03    6.9054186E-04
2.2679600E-03    3.2416666E-04
2.2690100E-03    -1.2147043E-04
2.2700500E-03    -6.6683957E-04
2.2711000E-03    1.9257504E-04
2.2721400E-03    2.5693346E-03
2.2731900E-03    1.6967914E-03
2.2742400E-03    -3.4826854E-04
2.2752800E-03    1.4772587E-04
2.2763300E-03    2.9813764E-04
2.2773800E-03    1.2134154E-04
2.2784300E-03    -4.2750133E-04
2.2794800E-03    -3.2540323E-04
2.2805300E-03    1.2534686E-03
2.2815800E-03    -1.5726601E-04
2.2826300E-03    -5.7167494E-04
2.2836800E-03    5.2374859E-04
2.2847400E-03    4.4809875E-04
2.2857900E-03    1.9543408E-03
2.2868400E-03    2.8938355E-03
2.2878900E-03    3.8806518E-04
2.2889500E-03    -7.7259295E-04
2.2900000E-03    -3.0228429E-04
2.2910600E-03    1.6897540E-03
2.2921100E-03    9.4386556E-04
2.2931700E-03    1.0273512E-04
2.2942300E-03    2.7495399E-03
2.2952800E-03    2.0382599E-03
2.2963400E-03    -8.4330372E-05
2.2974000E-03    -7.6161698E-04
2.2984600E-03    5.9397702E-05
2.2995100E-03    2.1218588E-03
2.3005700E-03    1.1533377E-03
2.3016300E-03    1.3258531E-03
2.3026900E-03    4.3005827E-04
2.3037500E-03    -4.6402748E-04
2.3048200E-03    -2.3673567E-04
2.3058800E-03    -1.6577919E-04
2.3069400E-03    4.9462340E-04
2.3080000E-03    2.3997800E-03
2.3090700E-03    2.0259001E-03
2.3101300E-03    -7.3145108E-05
2.3111900E-03    -7.5169586E-04
2.3122600E-03    3.3454539E-05
2.3133200E-03    2.2308773E-03
2.3143900E-03    2.9785381E-03
2.3154600E-03    6.3182166E-04
2.3165200E-03    -6.2243398E-04
2.3175900E-03    -3.5757923E-04
2.3186600E-03    5.9315763E-04
2.3197300E-03    5.1411581E-04
2.3207900E-03    2.0572920E-04
2.3218600E-03    4.7916394E-04
2.3229300E-03    -2.1080884E-04
2.3240000E-03    -3.5861539E-04
2.3250700E-03    -1.5173592E-05
2.3261400E-03    -5.2477161E-05
2.3272200E-03    4.6304849E-04
2.3282900E-03    2.0419288E-03
2.3293600E-03    1.2275703E-03
2.3304300E-03    -5.7023033E-04
2.3315100E-03    -6.0743405E-04
2.3325800E-03    1.2783562E-03
2.3336600E-03    2.0299786E-03
2.3347300E-03    -3.2143321E-04
2.3358100E-03    -5.5400240E-04
2.3368800E-03    7.4919535E-04
2.3379600E-03    -2.9646647E-04
2.3390400E-03    -4.7030966E-04
2.3401100E-03    1.2116732E-03
2.3411900E-03    1.5740993E-03
2.3422700E-03    1.2787242E-03
2.3433500E-03    7.8749582E-04
2.3444300E-03    -5.1637953E-04
2.3455100E-03    -1.7666544E-04
2.3465900E-03    2.1115892E-04
2.3476700E-03    -5.2036809E-04
2.3487500E-03    6.3146324E-04
2.3498300E-03    1.5876018E-03
2.3509200E-03    -2.9221880E-04
2.3520000E-03    -5.8621488E-04
2.3530800E-03    8.4059798E-04
2.3541700E-03    2.7147022E-03
2.3552500E-03    5.5430950E-04
2.3563400E-03    -3.4328705E-05
2.3574200E-03    -4.3505239E-04
2.3585100E-03    -4.4562522E-04
2.3595900E-03    1.0918210E-03
2.3606800E-03    3.6936635E-03
2.3617700E-03    1.2803066E-03
2.3628600E-03    2.7759307E-04
2.3639400E-03    1.0147313E-03
2.3650300E-03    -2.8457684E-04
2.3661200E-03    -6.9960386E-04
2.3672100E-03    5.9286698E-04
2.3683000E-03    1.9185285E-03
2.3693900E-03    -1.1954304E-04
2.3704900E-03    1.5047515E-03
2.3715800E-03    5.8822828E-04
2.3726700E-03    -3.8535456E-04
2.3737600E-03    6.1557856E-04
2.3748600E-03    -2.6866260E-04
2.3759500E-03    -6.2132349E-04
2.3770500E-03    8.6707644E-04
2.3781400E-03    2.3796586E-04
2.3792400E-03    -5.5122330E-04
2.3803300E-03    9.2079464E-04
2.3814300E-03    1.7413183E-04
2.3825300E-03    -1.0339165E-04
2.3836200E-03    -3.2866114E-04
2.3847200E-03    -2.8340599E-04
2.3858200E-03    7.9281326E-04
2.3869200E-03    8.1693672E-04
2.3880200E-03    7.5906337E-04
2.3891200E-03    1.6075989E-04
2.3902200E-03    1.2700881E-04
2.3913200E-03    -6.5529813E-04
2.3924200E-03    1.4066166E-04
2.3935200E-03    1.6336912E-03
2.3946300E-03    3.7836657E-04
2.3957300E-03    -3.3369531E-05
2.3968300E-03    -5.4705131E-04
2.3979400E-03    8.0475919E-05
2.3990400E-03    1.9939797E-04
2.4001500E-03    2.5606231E-04
2.4012500E-03    5.1066305E-04
2.4023600E-03    1.6765620E-03
2.4034700E-03    1.6295411E-03
2.4045700E-03    -3.9073363E-04
2.4056800E-03    -5.9701612E-04
2.4067900E-03    5.5531746E-04
2.4079000E-03    9.5578433E-04
2.4090100E-03    -2.6239582E-04
2.4101200E-03    -5.6976831E-04
2.4112300E-03    5.7311919E-04
2.4123400E-03    1.0979748E-03
2.4134500E-03    7.5843900E-04
2.4145600E-03    7.7961581E-04
2.4156700E-03    -2.4245061E-04
2.4167900E-03    -6.7839243E-04
2.4179000E-03    4.4521363E-04
2.4190100E-03    1.5577771E-03
2.4201300E-03    5.3036273E-04
2.4212400E-03    3.7771100E-04
2.4223600E-03    -3.3153492E-05
2.4234700E-03    -6.6804660E-04
2.4245900E-03    3.8685606E-04
2.4257100E-03    8.8439341E-04
2.4268300E-03    -4.1853032E-04
2.4279400E-03    8.2248607E-04
2.4290600E-03    2.3768453E-03
2.4301800E-03    3.5659165E-04
2.4313000E-03    -7.1155089E-04
2.4324200E-03    -2.5959670E-05
2.4335400E-03    9.6993011E-04
2.4346600E-03    6.4655982E-04
2.4357800E-03    1.8251632E-04
2.4369100E-03    1.7457369E-04
2.4380300E-03    9.8638485E-04
2.4391500E-03    -4.8280874E-04
2.4402700E-03    -1.9249879E-04
2.4414000E-03    1.6637523E-04
2.4425200E-03    -5.3421651E-04
2.4436500E-03    7.1108903E-04
2.4447700E-03    3.0851091E-03
2.4459000E-03    2.6262707E-03
2.4470300E-03    8.5252467E-04
2.4481500E-03    2.6094520E-04
2.4492800E-03    3.6518900E-04
2.4504100E-03    -6.0937153E-04
2.4515400E-03    -3.5722311E-04
2.4526700E-03    1.6017035E-03
2.4538000E-03    3.4666392E-03
2.4549300E-03    9.8564811E-04
2.4560600E-03    -6.3183394E-04
2.4571900E-03    -4.8040534E-04
2.4583200E-03    1.2369550E-03
2.4594600E-03    1.1892774E-03
2.4605900E-03    1.2347460E-03
2.4617200E-03    -3.0055892E-04
2.4628600E-03    -6.9135358E-04
2.4639900E-03    7.7431753E-04
2.4651300E-03    7.8206720E-04
2.4662600E-03    -3.0833509E-04
2.4674000E-03    1.8485574E-03
2.4685300E-03    1.6821206E-04
2.4696700E-03    -7.3566541E-04
2.4708100E-03    7.5200635E-05
2.4719500E-03    1.0872816E-03
2.4730900E-03    -3.3653077E-04
2.4742300E-03    1.4639198E-04
2.4753700E-03    1.5590227E-03
2.4765100E-03    -4.4592621E-04
2.4776500E-03    -5.5573730E-04
2.4787900E-03    8.8985055E-04
2.4799300E-03    4.8163071E-04
2.4810700E-03    4.3405659E-04
2.4822200E-03    5.2318141E-04
2.4833600E-03    -5.7486420E-05
2.4845000E-03    -5.0100258E-04
2.4856500E-03    -1.0878212E-04
2.4867900E-03    7.0566013E-04
2.4879400E-03    2.1491185E-03
2.4890800E-03    2.8496177E-03
2.4902300E-03    1.4477152E-03
2.4913800E-03    -2.9348526E-04
2.4925300E-03    3.6031314E-04
2.4936700E-03    2.7022731E-04
2.4948200E-03    -7.4419561E-04
2.4959700E-03    8.2364634E-05
2.4971200E-03    2.0705736E-03
2.4982700E-03    4.8286898E-04
2.4994200E-03    -8.7466204E-05