log-lin
1990
1.0000000E-03    1.1781610E-03
1.0004600E-03    1.3378180E-03
1.0009200E-03    1.3513757E-03
1.0013800E-03    9.7722324E-04
1.0018400E-03    2.0601274E-04
1.0023100E-03    -3.9097350E-04
1.0027700E-03    -5.8099269E-04
1.0032300E-03    -3.8286376E-04
1.0036900E-03    1.6108989E-04
1.0041500E-03    8.1292480E-04
1.0046200E-03    1.1462654E-03
1.0050800E-03    8.2015931E-04
1.0055400E-03    2.0737785E-04
1.0060100E-03    -6.5619571E-05
1.0064700E-03    -1.9300949E-04
1.0069300E-03    -3.3790616E-04
1.0074000E-03    -2.1395512E-04
1.0078600E-03    2.5532150E-04
1.0083200E-03    5.2206442E-04
1.0087900E-03    2.9788054E-04
1.0092500E-03    1.0277041E-04
1.0097200E-03    8.7547435E-05
1.0101800E-03    2.1326326E-04
1.0106500E-03    4.5706729E-04
1.0111100E-03    4.1613907E-04
1.0115800E-03    -1.7062593E-04
1.0120500E-03    -5.7033884E-04
1.0125100E-03    -4.6709642E-04
1.0129800E-03    2.1369604E-04
1.0134500E-03    1.0619490E-03
1.0139100E-03    8.5858360E-04
1.0143800E-03    1.5042703E-04
1.0148500E-03    -1.0477973E-04
1.0153100E-03    3.1839493E-04
1.0157800E-03    7.6043396E-04
1.0162500E-03    7.4428894E-05
1.0167200E-03    -5.5478074E-04
1.0171900E-03    -5.9399879E-04
1.0176600E-03    1.5058493E-04
1.0181200E-03    1.6857507E-03
1.0185900E-03    2.1799344E-03
1.0190600E-03    1.0929207E-03
1.0195300E-03    -4.5212928E-05
1.0200000E-03    -6.7379408E-04
1.0204700E-03    -6.5367777E-04
1.0209400E-03    -2.2386424E-05
1.0214100E-03    1.0972630E-03
1.0218800E-03    1.7975526E-03
1.0223500E-03    1.1948317E-03
1.0228200E-03    6.9068354E-04
1.0233000E-03    7.6218100E-04
1.0237700E-03    8.0170218E-04
1.0242400E-03    3.6932703E-04
1.0247100E-03    -2.3362407E-04
1.0251800E-03    -5.1330540E-04
1.0256500E-03    -4.0200760E-04
1.0261300E-03    2.6602315E-04
1.0266000E-03    1.3891981E-03
1.0270700E-03    1.2282944E-03
1.0275500E-03    6.8115679E-05
1.0280200E-03    -6.4888136E-04
1.0284900E-03    -6.8384836E-04
1.0289700E-03    -6.5337586E-05
1.0294400E-03    1.1684078E-03
1.0299100E-03    2.5517255E-03
1.0303900E-03    2.6667497E-03
1.0308600E-03    7.2137619E-04
1.0313400E-03    -4.4035546E-04
1.0318100E-03    -6.1402388E-04
1.0322900E-03    -1.2105438E-06
1.0327600E-03    5.6699962E-04
1.0332400E-03    -3.1217235E-05
1.0337200E-03    -3.8594112E-04
1.0341900E-03    5.7032791E-05
1.0346700E-03    5.3266172E-04
1.0351500E-03    1.3463548E-04
1.0356200E-03    -2.7215604E-04
1.0361000E-03    -2.5171739E-04
1.0365800E-03    8.0296920E-06
1.0370500E-03    4.5994086E-04
1.0375300E-03    9.5354788E-04
1.0380100E-03    7.9050269E-04
1.0384900E-03    2.9771821E-04
1.0389700E-03    -2.4393009E-04
1.0394500E-03    -5.9268197E-04
1.0399200E-03    -4.8223945E-04
1.0404000E-03    2.2510758E-04
1.0408800E-03    1.0357560E-03
1.0413600E-03    8.9894888E-04
1.0418400E-03    1.0475557E-03
1.0423200E-03    2.3241474E-03
1.0428000E-03    1.7942957E-03
1.0432800E-03    3.9635234E-04
1.0437600E-03    -4.9596486E-04
1.0442400E-03    -6.9682157E-04
1.0447200E-03    -2.5166172E-04
1.0452100E-03    6.7137677E-04
1.0456900E-03    1.1568653E-03
1.0461700E-03    8.5596504E-04
1.0466500E-03    4.9728826E-04
1.0471300E-03    1.0317362E-04
1.0476200E-03    -2.6734901E-04
1.0481000E-03    -4.4446613E-04
1.0485800E-03    -3.3236147E-04
1.0490600E-03    3.7060250E-06
1.0495500E-03    3.2706324E-04
1.0500300E-03    4.4021560E-04
1.0505100E-03    3.6208636E-04
1.0510000E-03    2.7603805E-04
1.0514800E-03    2.1719486E-04
1.0519700E-03    1.3372190E-04
1.0524500E-03    8.8080100E-05
1.0529400E-03    8.3410405E-05
1.0534200E-03    1.2763108E-04
1.0539100E-03    2.6579464E-04
1.0543900E-03    6.4805968E-04
1.0548800E-03    9.0558137E-04
1.0553600E-03    4.3192946E-04
1.0558500E-03    -2.4345164E-04
1.0563400E-03    -4.6960423E-04
1.0568200E-03    -3.8398276E-04
1.0573100E-03    -1.6357176E-04
1.0578000E-03    2.9627238E-04
1.0582800E-03    1.1759208E-03
1.0587700E-03    1.4824380E-03
1.0592600E-03    7.7194150E-04
1.0597500E-03    8.8040903E-04
1.0602400E-03    5.8592124E-04
1.0607200E-03    -3.3356238E-04
1.0612100E-03    -7.0412513E-04
1.0617000E-03    -4.1292593E-04
1.0621900E-03    5.2471958E-04
1.0626800E-03    1.4638318E-03
1.0631700E-03    1.2707839E-03
1.0636600E-03    6.7758170E-04
1.0641500E-03    4.0893191E-04
1.0646400E-03    -1.1524517E-04
1.0651300E-03    -4.3751136E-04
1.0656200E-03    -3.0066353E-04
1.0661100E-03    1.5009571E-04
1.0666000E-03    3.3778979E-04
1.0670900E-03    1.6131058E-04
1.0675900E-03    1.4565057E-05
1.0680800E-03    2.3403761E-04
1.0685700E-03    1.0251720E-03
1.0690600E-03    1.3085109E-03
1.0695500E-03    4.2390049E-04
1.0700500E-03    -4.4451857E-04
1.0705400E-03    -6.5068066E-04
1.0710300E-03    -2.5472120E-04
1.0715300E-03    4.4203823E-04
1.0720200E-03    6.4117364E-04
1.0725100E-03    3.2077838E-04
1.0730100E-03    -1.4541224E-05
1.0735000E-03    -1.1569770E-04
1.0740000E-03    1.1151326E-04
1.0744900E-03    5.7144821E-04
1.0749900E-03    5.4958076E-04
1.0754800E-03    -2.0670471E-04
1.0759800E-03    -5.8917843E-04
1.0764700E-03    -2.2799263E-04
1.0769700E-03    6.9313456E-04
1.0774700E-03    5.4876092E-04
1.0779600E-03    -2.4114704E-04
1.0784600E-03    -3.2792737E-04
1.0789500E-03    4.5105938E-05
1.0794500E-03    2.2099448E-04
1.0799500E-03    1.3348320E-04
1.0804500E-03    1.3715450E-04
1.0809400E-03    1.1571432E-04
1.0814400E-03    6.0497537E-05
1.0819400E-03    -1.7943040E-05
1.0824400E-03    -5.6683482E-05
1.0829400E-03    8.6112618E-07
1.0834400E-03    9.5685804E-05
1.0839400E-03    2.2287282E-04
1.0844300E-03    3.8672022E-04
1.0849300E-03    2.1533280E-04
1.0854300E-03    -2.6664054E-04
1.0859300E-03    -4.3684888E-04
1.0864300E-03    -1.3246488E-04
1.0869400E-03    3.8307055E-04
1.0874400E-03    5.9511397E-04
1.0879400E-03    6.3203165E-04
1.0884400E-03    2.2478876E-04
1.0889400E-03    -3.6792171E-04
1.0894400E-03    -5.0598248E-04
1.0899400E-03    -1.4865026E-04
1.0904400E-03    3.7356322E-04
1.0909500E-03    3.5875075E-04
1.0914500E-03    9.3820744E-05
1.0919500E-03    -1.6279299E-05
1.0924600E-03    -3.4659910E-05
1.0929600E-03    -6.0575245E-05
1.0934600E-03    -7.4308526E-05
1.0939700E-03    -2.3316138E-05
1.0944700E-03    9.2755857E-05
1.0949700E-03    3.5575564E-04
1.0954800E-03    1.1281023E-03
1.0959800E-03    1.4111669E-03
1.0964900E-03    4.0470910E-04
1.0969900E-03    -5.3374681E-04
1.0975000E-03    -7.1631600E-04
1.0980000E-03    -2.9046484E-04
1.0985100E-03    8.3770756E-04
1.0990200E-03    1.7947111E-03
1.0995200E-03    1.1639681E-03
1.1000300E-03    3.4909724E-04
1.1005400E-03    1.7074919E-04
1.1010400E-03    1.8248063E-04
1.1015500E-03    2.3774374E-04
1.1020600E-03    2.7736209E-04
1.1025700E-03    3.2780478E-04
1.1030700E-03    2.9007672E-04
1.1035800E-03    7.7584838E-05
1.1040900E-03    -1.9060030E-04
1.1046000E-03    -2.8443489E-04
1.1051100E-03    -1.9017890E-04
1.1056200E-03    5.7570171E-06
1.1061300E-03    1.4314577E-04
1.1066300E-03    1.4852183E-04
1.1071400E-03    3.9195462E-05
1.1076500E-03    -6.7910647E-05
1.1081700E-03    -2.0607507E-04
1.1086800E-03    -2.2618797E-04
1.1091900E-03    1.2157079E-04
1.1097000E-03    5.3585550E-04
1.1102100E-03    4.9061666E-04
1.1107200E-03    2.0780819E-04
1.1112300E-03    -5.7651458E-05
1.1117400E-03    -1.3215685E-04
1.1122600E-03    5.5546947E-05
1.1127700E-03    2.3981187E-04
1.1132800E-03    1.1761963E-04
1.1137900E-03    -1.4786442E-04
1.1143100E-03    -2.0427845E-04
1.1148200E-03    -7.4172269E-06
1.1153300E-03    1.5386780E-04
1.1158500E-03    1.2083339E-04
1.1163600E-03    -2.2160235E-05
1.1168800E-03    -1.2474395E-04
1.1173900E-03    -1.1739743E-05
1.1179000E-03    2.2282651E-04
1.1184200E-03    1.7381072E-04
1.1189400E-03    -1.5130976E-04
1.1194500E-03    -2.2904564E-04
1.1199700E-03    -2.8831380E-05
1.1204800E-03    5.5374422E-05
1.1210000E-03    -1.0071023E-05
1.1215100E-03    9.4853480E-05
1.1220300E-03    1.7506728E-04
1.1225500E-03    2.6705779E-04
1.1230700E-03    5.6437730E-04
1.1235800E-03    5.6090636E-04
1.1241000E-03    -7.6053912E-05
1.1246200E-03    -5.5209403E-04
1.1251400E-03    -4.5402031E-04
1.1256500E-03    1.4730650E-04
1.1261700E-03    5.7002640E-04
1.1266900E-03    3.5770640E-04
1.1272100E-03    6.3246773E-05
1.1277300E-03    -6.4701927E-05
1.1282500E-03    -8.5381299E-06
1.1287700E-03    9.5761910E-05
1.1292900E-03    1.1248648E-04
1.1298100E-03    7.8760034E-05
1.1303300E-03    8.6587253E-05
1.1308500E-03    8.4983173E-05
1.1313700E-03    5.8631922E-05
1.1318900E-03    9.2413109E-05
1.1324100E-03    1.9458689E-04
1.1329400E-03    2.4282848E-04
1.1334600E-03    1.1385465E-05
1.1339800E-03    -2.2312856E-04
1.1345000E-03    -1.3638481E-04
1.1350300E-03    1.1224623E-04
1.1355500E-03    1.6821664E-04
1.1360700E-03    1.3953392E-04
1.1365900E-03    1.8887532E-04
1.1371200E-03    3.3161538E-04
1.1376400E-03    4.4590153E-04
1.1381700E-03    3.8266244E-04
1.1386900E-03    3.9440405E-05
1.1392100E-03    -2.9462832E-04
1.1397400E-03    -3.8232180E-04
1.1402600E-03    -2.6233506E-04
1.1407900E-03    6.1417944E-05
1.1413200E-03    3.6704717E-04
1.1418400E-03    4.9758927E-04
1.1423700E-03    4.0593280E-04
1.1428900E-03    2.3613458E-04
1.1434200E-03    2.6015163E-04
1.1439500E-03    2.6747241E-04
1.1444700E-03    1.4866648E-04
1.1450000E-03    -1.8992751E-04
1.1455300E-03    -2.7862626E-04
1.1460600E-03    2.3640319E-05
1.1465800E-03    4.5338106E-04
1.1471100E-03    1.0150763E-03
1.1476400E-03    1.2206937E-03
1.1481700E-03    2.6231686E-04
1.1487000E-03    -5.6067692E-04
1.1492300E-03    -6.7586511E-04
1.1497600E-03    -1.1804246E-05
1.1502900E-03    1.1571392E-03
1.1508200E-03    9.0112350E-04
1.1513500E-03    -1.5308970E-04
1.1518800E-03    -3.3194330E-05
1.1524100E-03    2.4373045E-04
1.1529400E-03    -1.3123848E-04
1.1534700E-03    -2.4475323E-04
1.1540000E-03    2.2305943E-04
1.1545300E-03    6.5471123E-04
1.1550600E-03    6.0225205E-04
1.1556000E-03    8.2699024E-05
1.1561300E-03    -1.2752764E-04
1.1566600E-03    7.2856811E-04
1.1571900E-03    1.2879228E-03
1.1577300E-03    2.5346983E-04
1.1582600E-03    -6.0867026E-04
1.1587900E-03    -6.8391076E-04
1.1593300E-03    3.7902066E-05
1.1598600E-03    1.3243606E-03
1.1604000E-03    1.4362764E-03
1.1609300E-03    1.5993400E-04
1.1614700E-03    -8.9754529E-05
1.1620000E-03    1.5291272E-04
1.1625400E-03    1.9264978E-04
1.1630700E-03    8.9812756E-05
1.1636100E-03    5.9599780E-05
1.1641400E-03    7.2863257E-05
1.1646800E-03    4.6912819E-05
1.1652200E-03    -3.8639952E-05
1.1657500E-03    -1.6733797E-04
1.1662900E-03    -2.5325101E-04
1.1668300E-03    -1.2679570E-04
1.1673700E-03    2.6985354E-04
1.1679000E-03    7.2133237E-04
1.1684400E-03    1.0896865E-03
1.1689800E-03    6.9585569E-04
1.1695200E-03    -1.6922954E-04
1.1700600E-03    -5.6420496E-04
1.1706000E-03    -3.9648661E-04
1.1711300E-03    1.3667599E-04
1.1716700E-03    5.4552545E-04
1.1722100E-03    5.6749980E-04
1.1727500E-03    5.5484732E-04
1.1732900E-03    8.4417513E-04
1.1738300E-03    7.2083297E-04
1.1743800E-03    1.7900821E-05
1.1749200E-03    -6.1427575E-04
1.1754600E-03    -6.1185681E-04
1.1760000E-03    1.0875410E-04
1.1765400E-03    1.6446315E-03
1.1770800E-03    2.2217000E-03
1.1776300E-03    1.7187490E-04
1.1781700E-03    -4.8991679E-04
1.1787100E-03    -2.1329479E-04
1.1792500E-03    3.0931612E-04
1.1798000E-03    3.8915714E-04
1.1803400E-03    2.7014246E-04
1.1808800E-03    2.7002379E-04
1.1814300E-03    2.3078335E-04
1.1819700E-03    1.8494005E-04
1.1825200E-03    2.7275204E-04
1.1830600E-03    3.7349410E-04
1.1836100E-03    1.7312391E-04
1.1841500E-03    -1.4713440E-04
1.1847000E-03    -4.0640833E-04
1.1852400E-03    -3.7417919E-04
1.1857900E-03    -7.1549190E-05
1.1863400E-03    3.5149222E-04
1.1868800E-03    8.0605879E-04
1.1874300E-03    9.0663340E-04
1.1879800E-03    7.5885541E-05
1.1885200E-03    -5.7864273E-04
1.1890700E-03    -4.9511720E-04
1.1896200E-03    2.8126304E-04
1.1901700E-03    1.3143517E-03
1.1907100E-03    1.2457378E-03
1.1912600E-03    2.8966248E-04
1.1918100E-03    -3.6199962E-05
1.1923600E-03    6.1567871E-04
1.1929100E-03    1.7673857E-03
1.1934600E-03    1.5687708E-03
1.1940100E-03    3.4447709E-04
1.1945600E-03    -5.3885487E-04
1.1951100E-03    -6.9587390E-04
1.1956600E-03    -1.1855980E-04
1.1962100E-03    1.0386556E-03
1.1967600E-03    1.7043582E-03
1.1973100E-03    9.0309061E-04
1.1978600E-03    2.7891647E-04
1.1984200E-03    1.8641747E-04
1.1989700E-03    2.5174672E-04
1.1995200E-03    9.2797382E-05
1.2000700E-03    -1.4169309E-04
1.2006300E-03    -1.3299273E-04
1.2011800E-03    -1.2976974E-04
1.2017300E-03    -1.0722415E-04
1.2022900E-03    7.0181269E-05
1.2028400E-03    1.9296660E-04
1.2033900E-03    1.4867946E-04
1.2039500E-03    1.4063566E-04
1.2045000E-03    1.4567451E-04
1.2050600E-03    -6.2525873E-06
1.2056100E-03    -2.0207120E-04
1.2061700E-03    -2.3825562E-04
1.2067200E-03    -8.3570882E-05
1.2072800E-03    1.1323489E-04
1.2078400E-03    1.3368843E-04
1.2083900E-03    8.4890345E-05
1.2089500E-03    3.2836799E-05
1.2095100E-03    -2.5528014E-06
1.2100600E-03    -1.3784351E-05
1.2106200E-03    -1.8869039E-05
1.2111800E-03    -3.1887637E-05
1.2117400E-03    -3.7280354E-05
1.2123000E-03    -3.4168755E-05
1.2128500E-03    -2.4113709E-05
1.2134100E-03    -1.2424038E-05
1.2139700E-03    1.1086834E-05
1.2145300E-03    5.7174933E-05
1.2150900E-03    3.7713310E-05
1.2156500E-03    -9.3375763E-05
1.2162100E-03    -5.8779462E-05
1.2167700E-03    3.4233662E-04
1.2173300E-03    6.0810468E-04
1.2178900E-03    8.2400808E-06
1.2184500E-03    -5.2829069E-04
1.2190100E-03    -4.2122037E-04
1.2195800E-03    2.7913160E-04
1.2201400E-03    5.4291248E-04
1.2207000E-03    4.4506591E-05
1.2212600E-03    1.7445142E-05
1.2218200E-03    2.6959911E-04
1.2223900E-03    2.2925122E-04
1.2229500E-03    1.4920240E-04
1.2235100E-03    3.4963247E-04
1.2240800E-03    6.1299480E-04
1.2246400E-03    1.3344017E-04
1.2252100E-03    -4.8179026E-04
1.2257700E-03    -5.1223553E-04
1.2263300E-03    1.1008990E-04
1.2269000E-03    7.7694978E-04
1.2274600E-03    9.0533159E-04
1.2280300E-03    6.5521587E-04
1.2286000E-03    -1.0435239E-04
1.2291600E-03    -5.5354994E-04
1.2297300E-03    -3.3132480E-04
1.2302900E-03    3.1487471E-04
1.2308600E-03    5.6867900E-04
1.2314300E-03    3.3001041E-04
1.2320000E-03    4.8819607E-05
1.2325600E-03    -3.9398571E-05
1.2331300E-03    3.3133525E-05
1.2337000E-03    4.2578070E-05
1.2342700E-03    -1.1052273E-05
1.2348400E-03    -3.9306096E-05
1.2354000E-03    -4.5893130E-05
1.2359700E-03    -4.9186895E-05
1.2365400E-03    -8.5000998E-05
1.2371100E-03    -1.4089937E-04
1.2376800E-03    -1.1969590E-04
1.2382500E-03    -2.4865794E-05
1.2388200E-03    1.4217602E-04
1.2393900E-03    3.0085627E-04
1.2399600E-03    3.7742099E-04
1.2405400E-03    3.5312963E-04
1.2411100E-03    2.7733346E-05
1.2416800E-03    -2.0517268E-04
1.2422500E-03    2.7279304E-05
1.2428200E-03    3.1160899E-04
1.2434000E-03    3.2135132E-04
1.2439700E-03    3.7027306E-04
1.2445400E-03    1.7884463E-04
1.2451200E-03    -1.5033114E-04
1.2456900E-03    -2.0150604E-04
1.2462600E-03    -7.9184433E-05
1.2468400E-03    -1.0767621E-05
1.2474100E-03    -4.2728956E-05
1.2479900E-03    -5.8376843E-05
1.2485600E-03    -3.8835643E-05
1.2491400E-03    -1.2606480E-06
1.2497100E-03    2.7123923E-05
1.2502900E-03    5.1474387E-05
1.2508600E-03    9.0070877E-05
1.2514400E-03    2.5482195E-04
1.2520200E-03    4.9564397E-04
1.2525900E-03    1.5686421E-04
1.2531700E-03    -3.2563816E-04
1.2537500E-03    -1.0909987E-04
1.2543200E-03    3.2518275E-04
1.2549000E-03    -2.0774244E-04
1.2554800E-03    -5.4044798E-04
1.2560600E-03    -2.8866950E-05
1.2566400E-03    1.0904778E-03
1.2572200E-03    1.2503054E-03
1.2578000E-03    1.0020029E-04
1.2583700E-03    -5.1964686E-04
1.2589500E-03    -2.1211975E-04
1.2595300E-03    5.1478906E-04
1.2601100E-03    1.4897179E-05
1.2607000E-03    -4.7540060E-04
1.2612800E-03    -1.2253205E-04
1.2618600E-03    5.2059275E-04
1.2624400E-03    3.4922701E-04
1.2630200E-03    -9.3105141E-05
1.2636000E-03    -1.0923263E-04
1.2641800E-03    2.7022156E-04
1.2647700E-03    4.2003632E-04
1.2653500E-03    4.0632061E-04
1.2659300E-03    2.4062988E-04
1.2665100E-03    -1.5590633E-04
1.2671000E-03    -3.9457678E-04
1.2676800E-03    -2.7130991E-04
1.2682700E-03    5.4117900E-05
1.2688500E-03    2.5139419E-04
1.2694300E-03    1.4575267E-04
1.2700200E-03    -9.0512917E-06
1.2706000E-03    1.8842009E-04
1.2711900E-03    3.4388613E-04
1.2717800E-03    6.7516834E-05
1.2723600E-03    7.7677085E-06
1.2729500E-03    3.4817667E-04
1.2735300E-03    7.8300429E-05
1.2741200E-03    -4.3438546E-04
1.2747100E-03    -3.0779165E-04
1.2752900E-03    4.5050862E-04
1.2758800E-03    7.7348636E-04
1.2764700E-03    3.0604528E-05
1.2770600E-03    -4.9900616E-04
1.2776500E-03    -3.2923271E-04
1.2782300E-03    3.3017163E-04
1.2788200E-03    5.6192738E-04
1.2794100E-03    2.4564139E-04
1.2800000E-03    1.5034004E-04
1.2805900E-03    4.0871999E-04
1.2811800E-03    8.1569786E-04
1.2817700E-03    5.7000724E-04
1.2823600E-03    -2.8279811E-04
1.2829500E-03    -6.6919177E-04
1.2835400E-03    -2.7327861E-04
1.2841400E-03    8.1935885E-04
1.2847300E-03    6.9733308E-04
1.2853200E-03    8.5363685E-05
1.2859100E-03    5.0956243E-04
1.2865000E-03    5.1239201E-04
1.2871000E-03    -1.4920978E-04
1.2876900E-03    -5.6219961E-04
1.2882800E-03    -3.5070830E-04
1.2888800E-03    4.6786398E-04
1.2894700E-03    8.0471893E-04
1.2900600E-03    -1.8689523E-04
1.2906600E-03    -4.4521634E-04
1.2912500E-03    6.0168975E-05
1.2918500E-03    3.9727235E-04
1.2924400E-03    5.1274259E-04
1.2930400E-03    7.8857476E-04
1.2936300E-03    3.2458220E-04
1.2942300E-03    -3.7122801E-04
1.2948300E-03    -4.4304909E-04
1.2954200E-03    5.2483015E-05
1.2960200E-03    3.9351794E-04
1.2966200E-03    2.0886178E-04
1.2972100E-03    1.3581325E-04
1.2978100E-03    3.3917460E-04
1.2984100E-03    5.6597627E-04
1.2990100E-03    2.5890023E-04
1.2996100E-03    -3.9291845E-04
1.3002000E-03    -5.8456466E-04
1.3008000E-03    -8.4310441E-05
1.3014000E-03    8.7066108E-04
1.3020000E-03    6.2086799E-04
1.3026000E-03    -9.9468465E-05
1.3032000E-03    -6.4127946E-05
1.3038000E-03    1.0033601E-05
1.3044000E-03    -4.5435704E-06
1.3050000E-03    1.1490398E-04
1.3056000E-03    1.1601760E-04
1.3062100E-03    7.8227210E-06
1.3068100E-03    -6.9382178E-05
1.3074100E-03    -1.1396238E-04
1.3080100E-03    -1.3896724E-04
1.3086100E-03    -9.6936830E-05
1.3092200E-03    1.7386046E-05
1.3098200E-03    2.0413399E-04
1.3104200E-03    4.5845905E-04
1.3110300E-03    3.3054784E-04
1.3116300E-03    -1.0860347E-04
1.3122400E-03    1.4480930E-04
1.3128400E-03    1.0243729E-04
1.3134400E-03    -5.0645624E-04
1.3140500E-03    -4.5923949E-04
1.3146600E-03    4.0276654E-04
1.3152600E-03    1.2529535E-03
1.3158700E-03    1.0820789E-03
1.3164700E-03    8.3632234E-04
1.3170800E-03    1.5330628E-04
1.3176900E-03    -3.7613039E-04
1.3182900E-03    -1.7868344E-04
1.3189000E-03    2.7211919E-04
1.3195100E-03    -2.1161045E-04
1.3201200E-03    -5.5231225E-04
1.3207200E-03    -7.1125511E-05
1.3213300E-03    1.0545402E-03
1.3219400E-03    1.3720864E-03
1.3225500E-03    3.4461230E-04
1.3231600E-03    -1.8048345E-04
1.3237700E-03    -1.6467700E-04
1.3243800E-03    8.1580453E-05
1.3249900E-03    2.7376677E-04
1.3256000E-03    3.5822735E-04
1.3262100E-03    3.5722306E-04
1.3268200E-03    -2.2706655E-05
1.3274300E-03    -3.1440057E-04
1.3280400E-03    -4.2117437E-05
1.3286600E-03    4.5205880E-04
1.3292700E-03    3.4501065E-04
1.3298800E-03    -1.7487957E-04
1.3304900E-03    -3.1826374E-04
1.3311100E-03    -4.5747706E-06
1.3317200E-03    2.5249576E-04
1.3323300E-03    2.0379342E-04
1.3329500E-03    1.5971715E-04
1.3335600E-03    3.5990602E-04
1.3341700E-03    5.1468104E-04
1.3347900E-03    2.5952140E-04
1.3354000E-03    -1.4989574E-04
1.3360200E-03    -3.1247248E-04
1.3366300E-03    -3.0643975E-04
1.3372500E-03    -1.2834339E-04
1.3378700E-03    3.7549871E-04
1.3384800E-03    7.1859326E-04
1.3391000E-03    1.9957510E-04
1.3397200E-03    -1.8993031E-04
1.3403300E-03    1.0849578E-04
1.3409500E-03    4.8492926E-04
1.3415700E-03    1.9299148E-04
1.3421900E-03    -3.4390561E-04
1.3428000E-03    -3.5596934E-04
1.3434200E-03    -3.4156736E-05
1.3440400E-03    2.2818664E-04
1.3446600E-03    3.0611001E-04
1.3452800E-03    1.1496643E-04
1.3459000E-03    6.0851524E-05
1.3465200E-03    3.3520944E-04
1.3471400E-03    1.0781396E-04
1.3477600E-03    -2.5861444E-04
1.3483800E-03    -2.8241752E-04
1.3490000E-03    -3.1977769E-05
1.3496200E-03    1.8693713E-04
1.3502500E-03    2.1622597E-04
1.3508700E-03    1.5659156E-04
1.3514900E-03    2.5857038E-04
1.3521100E-03    4.1731206E-04
1.3527400E-03    1.3005412E-04
1.3533600E-03    -3.3009330E-04
1.3539800E-03    -3.0847450E-04
1.3546100E-03    8.0886203E-05
1.3552300E-03    2.6961735E-04
1.3558500E-03    2.5845801E-04
1.3564800E-03    1.5112324E-04
1.3571000E-03    -1.9565916E-05
1.3577300E-03    -1.6894023E-04
1.3583600E-03    -2.9013738E-04
1.3589800E-03    -1.9342551E-04
1.3596100E-03    8.6528919E-05
1.3602300E-03    1.7743097E-04
1.3608600E-03    4.5297456E-04
1.3614900E-03    9.4014369E-05
1.3621100E-03    -2.3679598E-04
1.3627400E-03    2.8994065E-04
1.3633700E-03    6.4800764E-04
1.3640000E-03    2.0618677E-04
1.3646300E-03    2.7126912E-05
1.3652500E-03    -1.5394121E-04
1.3658800E-03    -1.6156755E-04
1.3665100E-03    2.9644757E-04
1.3671400E-03    7.2316444E-04
1.3677700E-03    8.1057482E-04
1.3684000E-03    1.5351068E-04
1.3690300E-03    -4.6716667E-04
1.3696600E-03    -1.8052996E-04
1.3702900E-03    5.6220755E-04
1.3709300E-03    8.3826851E-06
1.3715600E-03    -5.0561476E-04
1.3721900E-03    -2.3599128E-05
1.3728200E-03    3.5336183E-04
1.3734500E-03    -2.6930858E-04
1.3740900E-03    -1.7584607E-04
1.3747200E-03    6.8166388E-04
1.3753500E-03    3.6893754E-04
1.3759900E-03    -1.3732899E-04
1.3766200E-03    4.6495167E-04
1.3772500E-03    6.1731144E-04
1.3778900E-03    -1.6656358E-04
1.3785200E-03    -5.5144430E-04
1.3791600E-03    -2.9726558E-04
1.3797900E-03    4.8871965E-04
1.3804300E-03    1.3297638E-03
1.3810600E-03    7.0751568E-04
1.3817000E-03    -3.4279279E-04
1.3823400E-03    -5.4627930E-04
1.3829700E-03    -1.4675361E-04
1.3836100E-03    1.7397311E-04
1.3842500E-03    6.2266032E-04
1.3848900E-03    7.0230907E-04
1.3855200E-03    -2.1729855E-04
1.3861600E-03    -6.1334083E-04
1.3868000E-03    -1.3852793E-04
1.3874400E-03    8.4103318E-04
1.3880800E-03    1.0096131E-03
1.3887200E-03    6.0414124E-04
1.3893600E-03    1.1923700E-04
1.3900000E-03    -3.4589131E-04
1.3906400E-03    -2.6355085E-04
1.3912800E-03    5.6372098E-04
1.3919200E-03    6.7521691E-04
1.3925600E-03    -3.1198352E-04
1.3932000E-03    -6.2387283E-04
1.3938400E-03    3.8841059E-05
1.3944900E-03    1.2344982E-03
1.3951300E-03    3.7669531E-04
1.3957700E-03    -5.9248833E-04
1.3964100E-03    -5.8234071E-04
1.3970600E-03    3.8131285E-04
1.3977000E-03    1.9219727E-03
1.3983500E-03    1.9461481E-03
1.3989900E-03    3.0696256E-04
1.3996300E-03    -5.4708887E-04
1.4002800E-03    -4.6051034E-04
1.4009200E-03    2.9889872E-04
1.4015700E-03    7.7581705E-04
1.4022200E-03    8.2271787E-04
1.4028600E-03    9.9511238E-04
1.4035100E-03    1.7539292E-04
1.4041500E-03    -4.9280753E-04
1.4048000E-03    -3.3997595E-04
1.4054500E-03    1.4102396E-04
1.4061000E-03    2.7701734E-06
1.4067400E-03    4.9499050E-05
1.4073900E-03    4.5929153E-04
1.4080400E-03    3.6859112E-04
1.4086900E-03    -7.4881450E-05
1.4093400E-03    -1.6545024E-04
1.4099900E-03    1.8759768E-04
1.4106400E-03    4.8312681E-05
1.4112900E-03    -2.3654429E-04
1.4119400E-03    -6.0460650E-05
1.4125900E-03    2.5561935E-04
1.4132400E-03    3.1917120E-04
1.4138900E-03    1.0665016E-04
1.4145400E-03    -1.2919545E-04
1.4151900E-03    -1.6072311E-04
1.4158400E-03    -2.1124115E-04
1.4165000E-03    -1.6813224E-04
1.4171500E-03    1.7807652E-04
1.4178000E-03    2.1929351E-04
1.4184500E-03    3.5205175E-05
1.4191100E-03    1.6120237E-04
1.4197600E-03    4.5651295E-04
1.4204100E-03    5.6551070E-04
1.4210700E-03    -3.0455327E-05
1.4217200E-03    -3.5391444E-04
1.4223800E-03    -1.4957125E-04
1.4230300E-03    -1.3040020E-04
1.4236900E-03    -1.3761479E-04
1.4243500E-03    3.7258334E-04
1.4250000E-03    7.2932310E-04
1.4256600E-03    5.2771607E-04
1.4263100E-03    2.0373990E-04
1.4269700E-03    -2.1662763E-04
1.4276300E-03    -2.0377639E-04
1.4282900E-03    5.1205787E-06
1.4289400E-03    8.6810116E-05
1.4296000E-03    1.4947317E-04
1.4302600E-03    -4.5371279E-06
1.4309200E-03    -2.3118873E-04
1.4315800E-03    -8.4352594E-06
1.4322400E-03    7.2858464E-04
1.4329000E-03    1.1611620E-03
1.4335600E-03    2.1404074E-04
1.4342200E-03    -5.8888523E-04
1.4348800E-03    -5.4214043E-04
1.4355400E-03    3.8507269E-04
1.4362000E-03    9.0123802E-04
1.4368600E-03    2.3159438E-04
1.4375300E-03    3.5074111E-04
1.4381900E-03    9.3537824E-05
1.4388500E-03    -4.4539022E-04
1.4395100E-03    -2.8063648E-04
1.4401800E-03    3.8989793E-04
1.4408400E-03    3.5304622E-04
1.4415000E-03    1.0691348E-04
1.4421700E-03    2.4761944E-04
1.4428300E-03    2.2082190E-04
1.4435000E-03    -1.4275420E-04
1.4441600E-03    -3.2684605E-04
1.4448300E-03    -2.1305148E-04
1.4454900E-03    1.1055294E-04
1.4461600E-03    2.2698633E-04
1.4468300E-03    1.2394366E-04
1.4474900E-03    3.4501526E-04
1.4481600E-03    3.2327164E-04
1.4488300E-03    1.6313819E-04
1.4494900E-03    9.0763147E-05
1.4501600E-03    3.1668300E-05
1.4508300E-03    -5.9785969E-05
1.4515000E-03    -1.3819757E-04
1.4521700E-03    -1.6087781E-04
1.4528300E-03    -1.1962695E-04
1.4535000E-03    -9.4097109E-06
1.4541700E-03    1.2269348E-04
1.4548400E-03    1.7256308E-04
1.4555100E-03    7.2038415E-05
1.4561800E-03    -8.3587731E-05
1.4568600E-03    -1.6363219E-04
1.4575300E-03    -2.4370343E-04
1.4582000E-03    -1.5251378E-04
1.4588700E-03    3.6165422E-04
1.4595400E-03    6.6744390E-04
1.4602100E-03    3.3898485E-04
1.4608900E-03    1.0812368E-04
1.4615600E-03    5.6447027E-05
1.4622300E-03    9.6448403E-05
1.4629100E-03    3.0792608E-04
1.4635800E-03    3.9538460E-04
1.4642500E-03    -1.4897278E-04
1.4649300E-03    -3.6196918E-04
1.4656000E-03    3.4811408E-04
1.4662800E-03    8.1963325E-04
1.4669500E-03    -1.7179008E-04
1.4676300E-03    -6.2784135E-04
1.4683100E-03    -2.3016760E-04
1.4689800E-03    9.0921345E-04
1.4696600E-03    1.0151891E-03
1.4703400E-03    1.4057423E-04
1.4710100E-03    -3.6512357E-04
1.4716900E-03    -2.1768519E-04
1.4723700E-03    -4.3526472E-05
1.4730500E-03    -1.8534622E-04
1.4737300E-03    2.9992293E-04
1.4744100E-03    5.3688203E-04
1.4750800E-03    1.1926345E-04
1.4757600E-03    5.2197379E-04
1.4764400E-03    2.5562789E-05
1.4771200E-03    -5.4392888E-04
1.4778000E-03    -1.8044973E-04
1.4784900E-03    5.8669779E-04
1.4791700E-03    5.8568388E-04
1.4798500E-03    3.7950474E-04
1.4805300E-03    1.4967288E-04
1.4812100E-03    -6.0534608E-05
1.4818900E-03    -1.7291072E-04
1.4825800E-03    -1.2697937E-04
1.4832600E-03    -8.7905055E-05
1.4839400E-03    -1.4831091E-04
1.4846300E-03    -7.5347084E-05
1.4853100E-03    2.3164266E-04
1.4859900E-03    2.9334670E-04
1.4866800E-03    4.7443455E-05
1.4873600E-03    -1.1455462E-04
1.4880500E-03    3.8508799E-05
1.4887300E-03    1.4586884E-04
1.4894200E-03    1.0814710E-04
1.4901100E-03    4.4751750E-05
1.4907900E-03    -4.9553101E-05
1.4914800E-03    -9.3603367E-05
1.4921700E-03    -1.3739298E-05
1.4928500E-03    -4.5447023E-05
1.4935400E-03    -2.5377363E-04
1.4942300E-03    -3.9310484E-05
1.4949200E-03    5.0642388E-04
1.4956100E-03    2.8360319E-04
1.4963000E-03    -5.6462315E-05
1.4969900E-03    1.2302345E-04
1.4976700E-03    2.5810305E-04
1.4983600E-03    -4.1106660E-05
1.4990600E-03    -3.2224722E-04
1.4997500E-03    -2.3882066E-04
1.5004400E-03    5.0309418E-05
1.5011300E-03    1.6382147E-04
1.5018200E-03    3.0016432E-04
1.5025100E-03    3.5288652E-04
1.5032000E-03    -3.4780568E-05
1.5039000E-03    -3.1199237E-04
1.5045900E-03    -4.4598612E-05
1.5052800E-03    3.7162251E-04
1.5059800E-03    -3.2541014E-05
1.5066700E-03    -2.3649960E-04
1.5073600E-03    3.1860708E-04
1.5080600E-03    1.0362363E-04
1.5087500E-03    -2.9518879E-04
1.5094500E-03    1.3513426E-04
1.5101400E-03    2.7119976E-04
1.5108400E-03    -1.9898663E-04
1.5115300E-03    -4.8928878E-05
1.5122300E-03    -1.0362617E-04
1.5129300E-03    -6.0693988E-06
1.5136200E-03    3.9557200E-04
1.5143200E-03    1.9482129E-04
1.5150200E-03    -1.0732582E-04
1.5157200E-03    -4.4859331E-04
1.5164200E-03    -2.0604082E-04
1.5171100E-03    5.1747348E-04
1.5178100E-03    5.9345775E-04
1.5185100E-03    1.1648618E-04
1.5192100E-03    -9.8531206E-05
1.5199100E-03    1.8073137E-04
1.5206100E-03    2.7734621E-04
1.5213100E-03    -1.5206400E-04
1.5220100E-03    -1.8530375E-04
1.5227100E-03    1.7400827E-05
1.5234200E-03    -9.0847246E-05
1.5241200E-03    -6.7765522E-05
1.5248200E-03    1.5051002E-04
1.5255200E-03    1.2113371E-04
1.5262200E-03    -6.4855976E-05
1.5269300E-03    -1.0229578E-04
1.5276300E-03    -2.9607624E-05
1.5283300E-03    2.2427126E-05
1.5290400E-03    6.8997302E-05
1.5297400E-03    9.3528171E-05
1.5304500E-03    2.0436011E-04
1.5311500E-03    1.0309678E-04
1.5318600E-03    -2.5710550E-04
1.5325600E-03    -2.6087094E-04
1.5332700E-03    1.1981845E-04
1.5339800E-03    2.2424288E-04
1.5346800E-03    1.2901002E-04
1.5353900E-03    2.1915162E-04
1.5361000E-03    3.4600256E-04
1.5368000E-03    1.1708843E-04
1.5375100E-03    -2.2870307E-04
1.5382200E-03    -1.6006936E-04
1.5389300E-03    4.6748331E-04
1.5396400E-03    2.5370361E-04
1.5403500E-03    -5.4176066E-04
1.5410600E-03    -4.4851168E-04
1.5417700E-03    4.4486867E-04
1.5424800E-03    7.0929949E-04
1.5431900E-03    9.2735901E-05
1.5439000E-03    9.9639884E-05
1.5446100E-03    2.3229604E-04
1.5453200E-03    1.8265821E-04
1.5460300E-03    2.5528136E-05
1.5467500E-03    -1.5552234E-04
1.5474600E-03    -5.2369963E-05
1.5481700E-03    3.1611788E-04
1.5488800E-03    9.3161994E-04
1.5496000E-03    7.0954049E-04
1.5503100E-03    -2.6988614E-04
1.5510300E-03    -5.2321692E-04
1.5517400E-03    -2.1796880E-04
1.5524600E-03    1.3832638E-04
1.5531700E-03    5.4659714E-04
1.5538900E-03    6.6749897E-04
1.5546000E-03    3.8456289E-04
1.5553200E-03    2.1286040E-04
1.5560300E-03    -1.4724717E-04
1.5567500E-03    -2.4927840E-04
1.5574700E-03    3.2478261E-04
1.5581900E-03    5.1552531E-04
1.5589000E-03    -2.5999239E-04
1.5596200E-03    -5.1936757E-04
1.5603400E-03    5.8741583E-05
1.5610600E-03    7.2576836E-04
1.5617800E-03    3.8932864E-04
1.5625000E-03    -2.2209086E-04
1.5632200E-03    -2.5699010E-04
1.5639400E-03    1.6094739E-04
1.5646600E-03    5.0104174E-04
1.5653800E-03    8.1125886E-05
1.5661000E-03    -4.4487625E-04
1.5668200E-03    -6.5651307E-06
1.5675400E-03    6.3936537E-04
1.5682700E-03    5.9701176E-04
1.5689900E-03    6.6470900E-05
1.5697100E-03    -5.0892933E-04
1.5704300E-03    -3.8029344E-04
1.5711600E-03    3.1068699E-04
1.5718800E-03    3.8332959E-04
1.5726100E-03    6.7852551E-04
1.5733300E-03    1.0556701E-03
1.5740500E-03    -7.4038489E-05
1.5747800E-03    -6.0288468E-04
1.5755000E-03    -9.9367634E-05
1.5762300E-03    9.2348864E-04
1.5769600E-03    7.9572728E-04
1.5776800E-03    -2.5166627E-04
1.5784100E-03    -6.4654250E-04
1.5791400E-03    2.2368709E-05
1.5798600E-03    8.7479656E-04
1.5805900E-03    3.0668701E-04
1.5813200E-03    4.1573197E-04
1.5820500E-03    2.4740185E-04
1.5827800E-03    -4.6469080E-04
1.5835100E-03    -2.6380074E-04
1.5842400E-03    3.6538342E-04
1.5849700E-03    -7.3110981E-05
1.5857000E-03    -2.2378105E-04
1.5864300E-03    3.6679167E-04
1.5871600E-03    3.9753506E-04
1.5878900E-03    -2.1451124E-04
1.5886200E-03    1.9900715E-04
1.5893500E-03    3.4483621E-04
1.5900800E-03    -4.2184089E-04
1.5908200E-03    -3.4295058E-04
1.5915500E-03    3.5760196E-04
1.5922800E-03    4.7078589E-04
1.5930200E-03    5.2063135E-04
1.5937500E-03    2.8227709E-04
1.5944800E-03    -4.2454181E-04
1.5952200E-03    -4.5690743E-04
1.5959500E-03    2.7842133E-04
1.5966900E-03    9.9220522E-04
1.5974200E-03    8.7020859E-04
1.5981600E-03    -1.5790790E-04
1.5989000E-03    -6.1889959E-04
1.5996300E-03    -1.2766986E-04
1.6003700E-03    8.6707914E-04
1.6011100E-03    7.9066599E-04
1.6018400E-03    1.7786717E-04
1.6025800E-03    -3.4214915E-04
1.6033200E-03    -3.6400442E-04
1.6040600E-03    9.1478255E-05
1.6048000E-03    3.0487789E-04
1.6055400E-03    -1.8929963E-04
1.6062800E-03    -9.8728399E-05
1.6070200E-03    3.5978958E-04
1.6077600E-03    -7.0503361E-05
1.6085000E-03    -1.7902067E-04
1.6092400E-03    2.5627743E-04
1.6099800E-03    5.8052584E-04
1.6107200E-03    1.1703026E-03
1.6114600E-03    7.3556990E-04
1.6122100E-03    -2.6858634E-04
1.6129500E-03    -5.7065589E-04
1.6136900E-03    -1.8908322E-04
1.6144400E-03    6.4819158E-04
1.6151800E-03    8.5724481E-04
1.6159200E-03    1.7534677E-04
1.6166700E-03    -1.5459397E-04
1.6174100E-03    1.8932854E-04
1.6181600E-03    2.4254601E-04
1.6189000E-03    -8.2698981E-05
1.6196500E-03    -1.6831376E-04
1.6204000E-03    -1.3094967E-04
1.6211400E-03    -1.1186527E-04
1.6218900E-03    8.3479426E-05
1.6226400E-03    2.8694768E-04
1.6233800E-03    8.1631632E-05
1.6241300E-03    -3.0627508E-04
1.6248800E-03    -6.2881568E-05
1.6256300E-03    2.0313888E-04
1.6263800E-03    -6.2516106E-05
1.6271300E-03    2.9867742E-06
1.6278800E-03    1.0636618E-04
1.6286300E-03    3.5514898E-04
1.6293800E-03    2.6724399E-04
1.6301300E-03    -3.3168784E-05
1.6308800E-03    -2.2573998E-04
1.6316300E-03    -1.8873826E-04
1.6323800E-03    -6.6317977E-05
1.6331300E-03    3.2762010E-05
1.6338800E-03    3.3196416E-05
1.6346400E-03    9.5379398E-05
1.6353900E-03    3.0404402E-04
1.6361400E-03    3.5584242E-05
1.6369000E-03    -3.6300890E-04
1.6376500E-03    -1.4108963E-04
1.6384100E-03    2.9669001E-04
1.6391600E-03    1.5905403E-04
1.6399200E-03    1.0738487E-04
1.6406700E-03    2.3867038E-04
1.6414300E-03    1.5211772E-04
1.6421800E-03    3.5019332E-05
1.6429400E-03    1.8057693E-04
1.6437000E-03    4.2476715E-04
1.6444500E-03    5.5181383E-04
1.6452100E-03    5.9463095E-05
1.6459700E-03    -4.0614059E-04
1.6467300E-03    -3.9906700E-04
1.6474900E-03    5.6928539E-05
1.6482400E-03    5.2283497E-04
1.6490000E-03    4.3056699E-04
1.6497600E-03    -2.1150762E-04
1.6505200E-03    -2.5300414E-04
1.6512800E-03    2.2567655E-04
1.6520400E-03    -2.5026054E-05
1.6528100E-03    -1.1026061E-04
1.6535700E-03    1.8704553E-04
1.6543300E-03    -9.0454250E-06
1.6550900E-03    -1.4806131E-04
1.6558500E-03    2.4835557E-04
1.6566200E-03    4.8599196E-04
1.6573800E-03    2.3840912E-04
1.6581400E-03    5.8192859E-05
1.6589100E-03    -3.8280247E-04
1.6596700E-03    -3.5086410E-04
1.6604400E-03    1.6375785E-04
1.6612000E-03    4.7023259E-04
1.6619700E-03    5.2491402E-04
1.6627300E-03    3.3704889E-04
1.6635000E-03    -5.5791585E-08
1.6642600E-03    -4.3413433E-04
1.6650300E-03    -2.1269822E-04
1.6658000E-03    5.2917309E-04
1.6665600E-03    6.0699637E-04
1.6673300E-03    3.8978858E-04
1.6681000E-03    8.7038440E-05
1.6688700E-03    -2.4243029E-04
1.6696400E-03    -3.5215229E-04
1.6704100E-03    -1.8182152E-04
1.6711800E-03    3.6793534E-04
1.6719500E-03    8.7193424E-04
1.6727200E-03    -1.9923355E-05
1.6734900E-03    -4.6205145E-04
1.6742600E-03    4.0776431E-05
1.6750300E-03    3.0471630E-04
1.6758000E-03    -1.9293549E-05
1.6765700E-03    -1.2953464E-05
1.6773500E-03    1.8357953E-04
1.6781200E-03    3.5394825E-04
1.6788900E-03    -3.4919184E-05
1.6796600E-03    -4.0893377E-04
1.6804400E-03    3.4139825E-05
1.6812100E-03    8.2990081E-04
1.6819900E-03    6.7159928E-04
1.6827600E-03    1.9614005E-04
1.6835400E-03    -1.8456465E-04
1.6843100E-03    -5.1045269E-04
1.6850900E-03    -2.3367438E-04
1.6858600E-03    7.3372243E-04
1.6866400E-03    7.3110709E-04
1.6874200E-03    1.2839556E-04
1.6882000E-03    -2.3866073E-05
1.6889700E-03    -5.0992033E-05
1.6897500E-03    -7.4788413E-05
1.6905300E-03    -5.4436622E-05
1.6913100E-03    7.3819420E-05
1.6920900E-03    2.4177913E-04
1.6928700E-03    -4.5639562E-05
1.6936500E-03    -3.5260912E-04
1.6944300E-03    -7.3032939E-05
1.6952100E-03    3.2350661E-04
1.6959900E-03    2.3675184E-04
1.6967700E-03    2.7487125E-04
1.6975500E-03    9.6441038E-05
1.6983300E-03    -3.4889890E-04
1.6991200E-03    -1.8567912E-04
1.6999000E-03    7.2884263E-04
1.7006800E-03    7.7477561E-04
1.7014700E-03    -1.3393200E-04
1.7022500E-03    1.9741741E-05
1.7030300E-03    2.8327511E-04
1.7038200E-03    -3.4238576E-04
1.7046000E-03    -7.8638139E-05
1.7053900E-03    8.9692001E-05
1.7061700E-03    -4.3755086E-04
1.7069600E-03    8.4929741E-05
1.7077500E-03    9.0562072E-04
1.7085300E-03    5.3056742E-04
1.7093200E-03    2.5409949E-04
1.7101100E-03    -4.9633368E-04
1.7108900E-03    -4.3155525E-04
1.7116800E-03    6.5328076E-04
1.7124700E-03    1.0054977E-03
1.7132600E-03    -9.1085989E-05
1.7140500E-03    -4.6162717E-04
1.7148400E-03    1.0790075E-04
1.7156300E-03    6.3528192E-04
1.7164200E-03    1.5195449E-04
1.7172100E-03    -1.5713322E-04
1.7180000E-03    1.1569413E-04
1.7187900E-03    -1.1323296E-04
1.7195800E-03    -2.2984271E-04
1.7203800E-03    1.2205333E-04
1.7211700E-03    6.0382106E-04
1.7219600E-03    3.2055650E-04
1.7227600E-03    -4.1173941E-04
1.7235500E-03    -2.8454441E-04
1.7243400E-03    2.3141288E-04
1.7251400E-03    6.9763659E-04
1.7259300E-03    4.1283172E-04
1.7267300E-03    -1.0043244E-04
1.7275200E-03    -2.2283697E-04
1.7283200E-03    -1.7928378E-04
1.7291100E-03    -2.1643072E-05
1.7299100E-03    1.8881831E-04
1.7307100E-03    -1.1102688E-04
1.7315100E-03    -2.5561896E-04
1.7323000E-03    1.5436260E-04
1.7331000E-03    4.4182204E-04
1.7339000E-03    8.7558761E-04
1.7347000E-03    3.0319400E-04
1.7355000E-03    -4.9756775E-04
1.7363000E-03    -3.9848842E-04
1.7371000E-03    4.4370671E-04
1.7379000E-03    9.5021436E-04
1.7387000E-03    4.0042557E-04
1.7395000E-03    -4.5028293E-04
1.7403000E-03    -4.5795252E-04
1.7411000E-03    3.3693004E-04
1.7419000E-03    4.8490936E-04
1.7427100E-03    1.5810277E-04
1.7435100E-03    1.8042288E-04
1.7443100E-03    7.5035926E-05
1.7451200E-03    4.7303870E-04
1.7459200E-03    1.0291632E-03
1.7467200E-03    -3.1024195E-05
1.7475300E-03    -6.7055034E-04
1.7483300E-03    -2.3972382E-04
1.7491400E-03    8.4245144E-04
1.7499400E-03    6.8006521E-04
1.7507500E-03    7.4637672E-05
1.7515600E-03    -2.9090720E-05
1.7523600E-03    2.3083509E-04
1.7531700E-03    2.1530913E-04
1.7539800E-03    -4.0741497E-04
1.7547900E-03    -2.5981510E-04
1.7556000E-03    8.6597096E-04
1.7564000E-03    3.3035877E-04
1.7572100E-03    -5.8314612E-04
1.7580200E-03    -3.3362755E-04
1.7588300E-03    6.2844564E-04
1.7596400E-03    7.1700209E-04
1.7604500E-03    4.9285205E-04
1.7612600E-03    6.6549332E-05
1.7620800E-03    -1.1234016E-04
1.7628900E-03    6.7840843E-05
1.7637000E-03    -7.9628603E-05
1.7645100E-03    -3.9658789E-04
1.7653300E-03    -4.7666336E-05
1.7661400E-03    6.3633328E-04
1.7669500E-03    2.9071662E-04
1.7677700E-03    3.5041612E-07
1.7685800E-03    3.5353689E-04
1.7693900E-03    -3.5771094E-05
1.7702100E-03    -4.3748362E-04
1.7710300E-03    6.8289617E-05
1.7718400E-03    4.4582593E-04
1.7726600E-03    -2.3427749E-04
1.7734700E-03    -1.4749829E-04
1.7742900E-03    3.5367791E-04
1.7751100E-03    2.3418373E-05
1.7759300E-03    -5.1982862E-05
1.7767400E-03    4.0639685E-04
1.7775600E-03    1.3744639E-04
1.7783800E-03    -1.4241682E-04
1.7792000E-03    2.8745874E-04
1.7800200E-03    7.3259581E-05
1.7808400E-03    -4.9646409E-04
1.7816600E-03    -2.8733070E-04
1.7824800E-03    5.8397658E-04
1.7833000E-03    3.7022968E-04
1.7841200E-03    7.7304637E-05
1.7849500E-03    2.1825185E-04
1.7857700E-03    8.8964202E-05
1.7865900E-03    1.1032676E-04
1.7874100E-03    -1.3292313E-04
1.7882400E-03    -3.2713782E-04
1.7890600E-03    5.1712730E-05
1.7898900E-03    8.0948013E-05
1.7907100E-03    -1.1271759E-05
1.7915400E-03    1.7801361E-04
1.7923600E-03    2.5357884E-04
1.7931900E-03    2.7795267E-04
1.7940100E-03    3.6309786E-04
1.7948400E-03    5.2567995E-04
1.7956700E-03    -2.4883191E-04
1.7964900E-03    -6.2312883E-04
1.7973200E-03    -2.1050231E-06
1.7981500E-03    1.0568331E-03
1.7989800E-03    7.5285387E-04
1.7998100E-03    1.3498868E-04
1.8006300E-03    -1.5381248E-04
1.8014600E-03    1.3363101E-04
1.8022900E-03    5.9523639E-05
1.8031200E-03    -3.5741278E-04
1.8039500E-03    -6.7898414E-05
1.8047900E-03    6.0472858E-04
1.8056200E-03    1.2173508E-03
1.8064500E-03    8.4354919E-04
1.8072800E-03    -1.4810417E-04
1.8081100E-03    -2.9040778E-04
1.8089500E-03    -2.1467722E-04
1.8097800E-03    -3.2856732E-04
1.8106100E-03    3.6593604E-04
1.8114500E-03    1.0634025E-03
1.8122800E-03    3.1129266E-04
1.8131200E-03    -4.9100506E-05
1.8139500E-03    5.3412584E-04
1.8147900E-03    2.6140274E-04
1.8156200E-03    -5.7664159E-04
1.8164600E-03    -2.7347140E-04
1.8173000E-03    9.0659810E-04
1.8181300E-03    7.4665550E-04
1.8189700E-03    -2.4947819E-04
1.8198100E-03    -3.3421211E-04
1.8206500E-03    2.2491070E-04
1.8214900E-03    4.4093095E-04
1.8223300E-03    5.3412599E-04
1.8231700E-03    1.0486089E-03
1.8240100E-03    7.7827543E-04
1.8248500E-03    -1.4134495E-05
1.8256900E-03    -3.9410107E-04
1.8265300E-03    -3.0154032E-04
1.8273700E-03    -8.0728349E-05
1.8282100E-03    2.9552342E-04
1.8290500E-03    3.8369878E-04
1.8299000E-03    3.4308146E-04
1.8307400E-03    3.8490986E-04
1.8315800E-03    -1.2262578E-04
1.8324300E-03    -1.1320391E-04
1.8332700E-03    9.0975498E-04
1.8341100E-03    1.5547424E-04
1.8349600E-03    -6.6228742E-04
1.8358000E-03    -3.0757579E-04
1.8366500E-03    8.9717955E-04
1.8375000E-03    9.6087423E-04
1.8383400E-03    2.8801245E-04
1.8391900E-03    2.2060180E-04
1.8400400E-03    -2.7495085E-04
1.8408800E-03    -3.5643279E-04
1.8417300E-03    2.5097469E-04
1.8425800E-03    4.0079095E-04
1.8434300E-03    1.8867925E-04
1.8442800E-03    2.7649578E-04
1.8451300E-03    2.6593471E-04
1.8459800E-03    -3.5846956E-04
1.8468300E-03    -3.0403910E-04
1.8476800E-03    3.5028061E-04
1.8485300E-03    1.6619901E-04
1.8493800E-03    -3.4556803E-05
1.8502300E-03    1.2947271E-04
1.8510900E-03    5.7588287E-05
1.8519400E-03    -7.8273843E-05
1.8527900E-03    -5.6395088E-05
1.8536500E-03    7.9779458E-06
1.8545000E-03    5.2579494E-05
1.8553500E-03    -1.5503733E-05
1.8562100E-03    1.4675414E-05
1.8570600E-03    -7.5151067E-05
1.8579200E-03    -3.0584282E-04
1.8587800E-03    -5.9372077E-05
1.8596300E-03    5.1941105E-04
1.8604900E-03    5.8499795E-04
1.8613500E-03    2.4239155E-04
1.8622000E-03    -2.7316603E-04
1.8630600E-03    8.5907684E-06
1.8639200E-03    4.3226988E-04
1.8647800E-03    -1.6776485E-04
1.8656400E-03    -1.0454921E-04
1.8665000E-03    4.7622000E-04
1.8673600E-03    3.4670720E-04
1.8682200E-03    -1.6632338E-04
1.8690800E-03    -3.2639710E-04
1.8699400E-03    -1.6005981E-04
1.8708000E-03    3.3980149E-04
1.8716600E-03    1.4082892E-03
1.8725200E-03    9.9969741E-04
1.8733900E-03    -3.1387134E-04
1.8742500E-03    -6.5196086E-04
1.8751100E-03    6.9273157E-05
1.8759800E-03    1.1418336E-03
1.8768400E-03    5.6821958E-04
1.8777100E-03    2.5854936E-05
1.8785700E-03    -3.1118156E-04
1.8794400E-03    1.2164245E-04
1.8803000E-03    2.5681358E-04
1.8811700E-03    -1.3289801E-04
1.8820300E-03    -3.0084065E-04
1.8829000E-03    -7.6477091E-05
1.8837700E-03    2.2240759E-04
1.8846400E-03    3.5264211E-04
1.8855000E-03    1.0304000E-04
1.8863700E-03    -1.9321229E-04
1.8872400E-03    3.2518851E-05
1.8881100E-03    1.5337316E-04
1.8889800E-03    1.8375364E-05
1.8898500E-03    -2.7369155E-04
1.8907200E-03    3.1335475E-04
1.8915900E-03    5.0149476E-04
1.8924600E-03    -4.7683364E-04
1.8933400E-03    -3.9217111E-04
1.8942100E-03    1.0487112E-03
1.8950800E-03    1.4866659E-03
1.8959500E-03    1.4265221E-04
1.8968300E-03    -3.9642592E-04
1.8977000E-03    -3.7593092E-04
1.8985800E-03    -1.4371108E-04
1.8994500E-03    9.1693368E-04
1.9003300E-03    1.6320542E-03
1.9012000E-03    1.4566674E-04
1.9020800E-03    1.9478465E-04
1.9029500E-03    8.9707060E-04
1.9038300E-03    -2.3087759E-04
1.9047100E-03    -6.3744491E-04
1.9055800E-03    1.1249363E-04
1.9064600E-03    7.5104829E-04
1.9073400E-03    -1.8033688E-04
1.9082200E-03    -7.5001904E-05
1.9091000E-03    4.4906228E-04
1.9099800E-03    4.7768886E-04
1.9108600E-03    4.8037907E-04
1.9117400E-03    -3.5971808E-04
1.9126200E-03    -5.5717161E-04
1.9135000E-03    3.1755780E-04
1.9143800E-03    8.5338457E-04
1.9152600E-03    2.6000434E-04
1.9161400E-03    7.7099192E-05
1.9170300E-03    2.3095301E-04
1.9179100E-03    2.8094113E-04
1.9187900E-03    -1.6776556E-05
1.9196800E-03    2.5127147E-04
1.9205600E-03    -1.5899012E-04
1.9214500E-03    -5.4839256E-04
1.9223300E-03    2.3938172E-04
1.9232200E-03    1.0792007E-03
1.9241000E-03    -2.6182762E-04
1.9249900E-03    -4.6667967E-04
1.9258800E-03    4.1613772E-04
1.9267600E-03    8.9710577E-04
1.9276500E-03    8.9338654E-04
1.9285400E-03    -1.2431491E-04
1.9294300E-03    -5.9976291E-04
1.9303200E-03    1.7490537E-04
1.9312100E-03    8.9321674E-04
1.9321000E-03    -6.3267507E-05
1.9329900E-03    -3.4366231E-04
1.9338800E-03    -2.5479150E-04
1.9347700E-03    2.2970193E-04
1.9356600E-03    7.2557335E-04
1.9365500E-03    8.7716486E-04
1.9374400E-03    3.2326403E-04
1.9383300E-03    -5.6689678E-04
1.9392300E-03    -4.0074205E-04
1.9401200E-03    7.8268825E-04
1.9410100E-03    2.5516647E-04
1.9419100E-03    -2.5937738E-04
1.9428000E-03    1.6020905E-04
1.9437000E-03    2.5494079E-04
1.9445900E-03    6.6780417E-05
1.9454900E-03    -2.0333539E-04
1.9463900E-03    1.3736599E-04
1.9472800E-03    1.0613277E-03
1.9481800E-03    4.9412932E-04
1.9490800E-03    -4.6437995E-04
1.9499700E-03    -1.1008291E-04
1.9508700E-03    2.3069341E-04
1.9517700E-03    -4.3274245E-04
1.9526700E-03    1.3010990E-04
1.9535700E-03    3.9398096E-04
1.9544700E-03    -2.7991462E-04
1.9553700E-03    2.7876844E-04
1.9562700E-03    3.3282944E-04
1.9571700E-03    -1.0793696E-04
1.9580700E-03    3.9717457E-04
1.9589800E-03    7.5100216E-04
1.9598800E-03    -3.3882935E-04
1.9607800E-03    -5.8779686E-04
1.9616800E-03    2.7306185E-04
1.9625900E-03    6.6812057E-04
1.9634900E-03    5.5618638E-04
1.9644000E-03    3.8812424E-04
1.9653000E-03    -1.6876370E-04
1.9662100E-03    -3.9390906E-04
1.9671100E-03    -1.8714441E-04
1.9680200E-03    3.4596503E-04
1.9689300E-03    8.2573139E-04
1.9698300E-03    4.1334769E-04
1.9707400E-03    -3.9584652E-04
1.9716500E-03    -8.2989938E-06
1.9725600E-03    1.1942692E-05
1.9734700E-03    -3.5700912E-04
1.9743700E-03    2.0923691E-04
1.9752800E-03    7.1888960E-04
1.9761900E-03    7.4450210E-05
1.9771000E-03    -6.3025210E-05
1.9780200E-03    -1.0504333E-04
1.9789300E-03    -2.1101928E-05
1.9798400E-03    2.3433814E-04
1.9807500E-03    -8.3243333E-05
1.9816600E-03    1.1118012E-04
1.9825800E-03    9.0372135E-04
1.9834900E-03    4.4305600E-04
1.9844000E-03    -4.0062674E-04
1.9853200E-03    -4.0102042E-04
1.9862300E-03    2.6483085E-04
1.9871500E-03    -5.3849006E-05
1.9880600E-03    -1.2072472E-04
1.9889800E-03    7.0072058E-04
1.9898900E-03    3.6024734E-04
1.9908100E-03    -2.3399220E-04
1.9917300E-03    -6.0891498E-05
1.9926500E-03    -1.6100423E-04
1.9935600E-03    1.9202063E-04
1.9944800E-03    3.4903249E-04
1.9954000E-03    4.2456810E-05
1.9963200E-03    -3.1326035E-04
1.9972400E-03    -3.5076758E-04
1.9981600E-03    4.7621909E-04
1.9990800E-03    3.0676608E-04
2.0000000E-03    -3.9755074E-04
2.0009200E-03    2.2486542E-04
2.0018400E-03    8.7900223E-04
2.0027700E-03    -5.1291551E-04
2.0036900E-03    -4.6256145E-04
2.0046100E-03    1.6674823E-03
2.0055300E-03    1.4730097E-03
2.0064600E-03    -2.8783178E-05
2.0073800E-03    -1.3152954E-04
2.0083100E-03    -2.4207066E-04
2.0092300E-03    -3.8622998E-04
2.0101600E-03    4.7955586E-04
2.0110800E-03    5.9305301E-04
2.0120100E-03    -3.8306504E-06
2.0129400E-03    -4.2938332E-04
2.0138700E-03    9.1397235E-05
2.0147900E-03    8.6678399E-04
2.0157200E-03    8.3438217E-04
2.0166500E-03    7.2996879E-04
2.0175800E-03    1.8232011E-04
2.0185100E-03    -4.3343891E-04
2.0194400E-03    -4.5797281E-04
2.0203700E-03    4.7721213E-04
2.0213000E-03    4.0704083E-04
2.0222300E-03    -2.9315431E-04
2.0231600E-03    4.1730520E-04
2.0240900E-03    1.2162495E-03
2.0250300E-03    5.4888971E-04
2.0259600E-03    5.6963074E-05
2.0268900E-03    -5.0002546E-05
2.0278300E-03    -1.4772727E-04
2.0287600E-03    -2.4048678E-04
2.0296900E-03    -1.7284819E-05
2.0306300E-03    7.7477924E-04
2.0315700E-03    2.9958993E-04
2.0325000E-03    -5.8676188E-04
2.0334400E-03    7.1724756E-06
2.0343700E-03    9.0525359E-04
2.0353100E-03    -6.6015266E-05
2.0362500E-03    2.0938173E-04
2.0371900E-03    7.0454040E-04
2.0381300E-03    3.8080099E-04
2.0390600E-03    -4.1348240E-04
2.0400000E-03    -4.2523207E-04
2.0409400E-03    1.4223287E-04
2.0418800E-03    7.8480698E-04
2.0428200E-03    -8.5611270E-06
2.0437700E-03    8.9450270E-05
2.0447100E-03    8.2682119E-04
2.0456500E-03    -3.8465835E-05
2.0465900E-03    -3.5544342E-04
2.0475300E-03    1.3089372E-04
2.0484800E-03    4.1355480E-04
2.0494200E-03    3.5635984E-04
2.0503700E-03    -1.6869770E-04
2.0513100E-03    -4.4832595E-04
2.0522500E-03    2.5683982E-05
2.0532000E-03    5.7580288E-04
2.0541500E-03    -2.1084768E-04
2.0550900E-03    -2.9270217E-04
2.0560400E-03    1.6734570E-04
2.0569900E-03    4.6087003E-04
2.0579300E-03    6.5653838E-04
2.0588800E-03    -3.2702960E-04
2.0598300E-03    -3.8582304E-04
2.0607800E-03    1.6559622E-04
2.0617300E-03    6.8973326E-05
2.0626800E-03    5.5884554E-04
2.0636300E-03    4.5039210E-04
2.0645800E-03    6.0582513E-04
2.0655300E-03    -1.2906557E-06
2.0664800E-03    -3.2780267E-04
2.0674300E-03    2.6617945E-04
2.0683900E-03    -5.4904684E-05
2.0693400E-03    -4.1015573E-04
2.0702900E-03    1.0300970E-04
2.0712500E-03    1.6426769E-03
2.0722000E-03    2.6125577E-05
2.0731500E-03    -6.1567427E-04
2.0741100E-03    -3.0300384E-05
2.0750600E-03    1.5191981E-04
2.0760200E-03    4.5622542E-04
2.0769800E-03    1.1569342E-03
2.0779300E-03    -4.2326092E-04
2.0788900E-03    -2.6564370E-04
2.0798500E-03    6.3839298E-04
2.0808100E-03    -3.5440848E-04
2.0817700E-03    -6.9239326E-05
2.0827200E-03    1.5727499E-03
2.0836800E-03    1.3387521E-06
2.0846400E-03    -6.4706779E-04
2.0856000E-03    -5.1118675E-05
2.0865700E-03    1.0365047E-03
2.0875300E-03    1.3185149E-04
2.0884900E-03    -6.5075300E-04
2.0894500E-03    1.6888758E-04
2.0904100E-03    4.6294909E-04
2.0913800E-03    -1.9400508E-05
2.0923400E-03    1.3085445E-04
2.0933000E-03    9.0955961E-05
2.0942700E-03    1.6968461E-04
2.0952300E-03    -5.1577852E-04
2.0962000E-03    5.6256723E-05
2.0971600E-03    7.7411318E-04
2.0981300E-03    -4.7523454E-04
2.0991000E-03    -3.2888552E-05
2.1000600E-03    1.6685865E-03
2.1010300E-03    1.1191464E-04
2.1020000E-03    -5.0791708E-04
2.1029700E-03    -2.1519551E-04
2.1039300E-03    1.5744018E-04
2.1049000E-03    3.9995375E-04
2.1058700E-03    7.7415525E-04
2.1068400E-03    7.2546818E-04
2.1078100E-03    -4.1402644E-04
2.1087900E-03    -4.4055131E-04
2.1097600E-03    8.9602470E-04
2.1107300E-03    6.0388587E-04
2.1117000E-03    1.7565624E-05
2.1126700E-03    -4.6313496E-04
2.1136500E-03    -4.0634560E-04
2.1146200E-03    8.9652693E-04
2.1156000E-03    2.1412579E-03
2.1165700E-03    1.1625053E-03
2.1175400E-03    -3.4450659E-04
2.1185200E-03    -4.6476502E-04
2.1195000E-03    6.2063981E-04
2.1204700E-03    2.0060181E-04
2.1214500E-03    -3.8935708E-04
2.1224300E-03    4.1979737E-04
2.1234000E-03    -5.7741107E-05
2.1243800E-03    -2.8133961E-04
2.1253600E-03    4.5651031E-04
2.1263400E-03    -3.3478937E-04
2.1273200E-03    -3.3511180E-04
2.1283000E-03    6.8700048E-04
2.1292800E-03    5.9984435E-04
2.1302600E-03    -1.8290175E-04
2.1312400E-03    -3.1047195E-04
2.1322200E-03    -2.6734206E-05
2.1332100E-03    2.0285319E-04
2.1341900E-03    2.3314656E-04
2.1351700E-03    1.3728527E-04
2.1361600E-03    1.9653270E-04
2.1371400E-03    -1.1045917E-04
2.1381200E-03    -1.9150976E-04
2.1391100E-03    6.0015848E-05
2.1400900E-03    1.3736418E-04
2.1410800E-03    1.1118986E-04
2.1420700E-03    1.0539739E-04
2.1430500E-03    7.0273860E-05
2.1440400E-03    8.9380743E-05
2.1450300E-03    5.4760202E-05
2.1460200E-03    -1.4427032E-04
2.1470100E-03    -2.2083619E-04
2.1479900E-03    -1.7203759E-05
2.1489800E-03    1.2719901E-04
2.1499700E-03    4.9114676E-04
2.1509600E-03    3.2646472E-04
2.1519600E-03    -1.6968552E-04
2.1529500E-03    -4.3360904E-04
2.1539400E-03    -2.2001934E-04
2.1549300E-03    1.1322114E-03
2.1559200E-03    1.1381033E-03
2.1569200E-03    -1.5463511E-04
2.1579100E-03    -3.1015459E-05
2.1589000E-03    -1.1376601E-04
2.1599000E-03    -2.3740100E-04
2.1608900E-03    -1.6180289E-04
2.1618900E-03    7.2602655E-04
2.1628900E-03    1.3891703E-03
2.1638800E-03    -3.7130606E-05
2.1648800E-03    -5.7815589E-04
2.1658800E-03    3.9482766E-05
2.1668700E-03    4.3811675E-04
2.1678700E-03    6.2377041E-04
2.1688700E-03    -3.6974015E-04
2.1698700E-03    -2.0070409E-04
2.1708700E-03    1.0133415E-04
2.1718700E-03    -3.1695056E-04
2.1728700E-03    7.5086645E-04
2.1738700E-03    6.1823035E-04
2.1748700E-03    -1.1158293E-05
2.1758700E-03    -4.4269535E-04
2.1768800E-03    1.6666098E-04
2.1778800E-03    3.8465321E-04
2.1788800E-03    -4.3893460E-04
2.1798900E-03    -2.5427479E-04
2.1808900E-03    3.9243982E-04
2.1819000E-03    1.5768007E-03
2.1829000E-03    9.9216958E-04
2.1839100E-03    -4.2993135E-04
2.1849100E-03    -5.2766956E-04
2.1859200E-03    2.3032364E-04
2.1869300E-03    1.4507047E-03
2.1879300E-03    1.6090607E-03
2.1889400E-03    -2.3069789E-04
2.1899500E-03    -3.0484486E-04
2.1909600E-03    9.3771083E-04
2.1919700E-03    5.1099111E-04
2.1929800E-03    -4.6731838E-05
2.1939900E-03    -3.3684307E-04
2.1950000E-03    -2.7648467E-04
2.1960100E-03    -7.8419598E-05
2.1970200E-03    7.9641023E-04
2.1980300E-03    8.6767655E-04
2.1990500E-03    1.0171190E-05
2.2000600E-03    5.0542604E-04
2.2010700E-03    1.5628591E-04
2.2020900E-03    6.6372392E-06
2.2031000E-03    -4.5623325E-04
2.2041200E-03    -6.3061620E-05
2.2051300E-03    9.8211947E-04
2.2061500E-03    -4.2253909E-04
2.2071600E-03    -3.4243085E-04
2.2081800E-03    6.6613494E-04
2.2092000E-03    5.0489446E-04
2.2102100E-03    9.4014416E-05
2.2112300E-03    8.3556568E-04
2.2122500E-03    3.3266000E-04
2.2132700E-03    -1.4883470E-04
2.2142900E-03    -5.9454756E-05
2.2153100E-03    -4.2705955E-04
2.2163300E-03    2.9881285E-04
2.2173500E-03    2.0167611E-04
2.2183700E-03    -2.0247096E-04
2.2194000E-03    2.9179041E-04
2.2204200E-03    -3.3397947E-04
2.2214400E-03    5.2998009E-04
2.2224600E-03    4.5167498E-04
2.2234900E-03    -5.7724690E-04
2.2245100E-03    2.4327062E-04
2.2255400E-03    3.9508221E-04
2.2265600E-03    -2.7032085E-04
2.2275900E-03    -7.5804455E-05
2.2286100E-03    -2.8934379E-04
2.2296400E-03    2.4409403E-04
2.2306700E-03    7.1439656E-04
2.2317000E-03    3.7833707E-04
2.2327200E-03    9.0409179E-05
2.2337500E-03    -4.0014243E-04
2.2347800E-03    -1.5926701E-04
2.2358100E-03    5.2098177E-04
2.2368400E-03    3.6581704E-04
2.2378700E-03    -3.3485057E-05
2.2389000E-03    -2.2615835E-04
2.2399300E-03    2.3807314E-04
2.2409600E-03    2.2822548E-04
2.2420000E-03    5.6364318E-05
2.2430300E-03    -1.2877832E-06
2.2440600E-03    -1.7935399E-04
2.2451000E-03    -2.2898109E-04
2.2461300E-03    -2.3237869E-05
2.2471700E-03    2.1379991E-04
2.2482000E-03    2.5825167E-04
2.2492400E-03    2.4925554E-04
2.2502700E-03    5.7090106E-04
2.2513100E-03    3.5022785E-04
2.2523500E-03    -2.0166562E-04
2.2533800E-03    -5.2236126E-04
2.2544200E-03    9.6627054E-05
2.2554600E-03    5.8231813E-04
2.2565000E-03    6.3084334E-04
2.2575400E-03    1.5778170E-04
2.2585800E-03    1.6969802E-04
2.2596200E-03    -4.1200266E-04
2.2606600E-03    1.8276410E-04
2.2617000E-03    3.4264520E-04
2.2627400E-03    -3.7545444E-04
2.2637900E-03    1.1050940E-04
2.2648300E-03    -2.0446297E-04
2.2658700E-03    5.5149336E-04
2.2669200E-03    5.3964212E-04
2.2679600E-03    -4.8020242E-05
2.2690100E-03    -1.4351791E-04
2.2700500E-03    -5.5595426E-04
2.2711000E-03    2.5229684E-04
2.2721400E-03    2.3498183E-03
2.2731900E-03    1.2938562E-03
2.2742400E-03    -4.3265682E-04
2.2752800E-03    -4.5498777E-04
2.2763300E-03    6.1784012E-04
2.2773800E-03    6.7402375E-04
2.2784300E-03    -4.4725970E-04
2.2794800E-03    -3.0814142E-04
2.2805300E-03    8.1404366E-04
2.2815800E-03    -1.7129785E-04
2.2826300E-03    -4.0716714E-04
2.2836800E-03    3.8007807E-04
2.2847400E-03    2.1401098E-04
2.2857900E-03    3.3954972E-04
2.2868400E-03    2.5556141E-04
2.2878900E-03    -1.9836374E-04
2.2889500E-03    -4.8573743E-04
2.2900000E-03    2.1854626E-04
2.2910600E-03    9.4064749E-04
2.2921100E-03    -4.7875133E-04
2.2931700E-03    -3.5772339E-04
2.2942300E-03    1.3104600E-03
2.2952800E-03    1.8012170E-03
2.2963400E-03    -8.3715887E-06
2.2974000E-03    -6.8202805E-04
2.2984600E-03    1.9615716E-05
2.2995100E-03    1.0614813E-03
2.3005700E-03    1.1989153E-03
2.3016300E-03    2.1009648E-03
2.3026900E-03    4.4154333E-04
2.3037500E-03    -5.4451978E-04
2.3048200E-03    -3.2284624E-04
2.3058800E-03    1.4169685E-04
2.3069400E-03    9.1651402E-04
2.3080000E-03    2.0215863E-03
2.3090700E-03    1.5258958E-03
2.3101300E-03    -6.9250928E-05
2.3111900E-03    -6.9671362E-04
2.3122600E-03    3.6680963E-05
2.3133200E-03    1.2104025E-03
2.3143900E-03    8.1132415E-04
2.3154600E-03    5.9671998E-04
2.3165200E-03    1.3702827E-04
2.3175900E-03    -2.9209956E-04
2.3186600E-03    -4.5999017E-04
2.3197300E-03    1.9856132E-04
2.3207900E-03    5.6798366E-04
2.3218600E-03    3.0413378E-04
2.3229300E-03    1.1211668E-04
2.3240000E-03    -4.3332342E-05
2.3250700E-03    -1.0546206E-04
2.3261400E-03    -1.7017165E-04
2.3272200E-03    2.5878423E-04
2.3282900E-03    3.0570524E-04
2.3293600E-03    3.6060702E-04
2.3304300E-03    -9.6938559E-07
2.3315100E-03    -7.2940996E-05
2.3325800E-03    -2.6689054E-05
2.3336600E-03    -3.6265789E-06
2.3347300E-03    -1.8399897E-04
2.3358100E-03    -2.6514735E-04
2.3368800E-03    4.0527334E-04
2.3379600E-03    1.3634872E-04
2.3390400E-03    -5.6642922E-05
2.3401100E-03    7.1911341E-04
2.3411900E-03    3.9293556E-04
2.3422700E-03    -2.3666554E-04
2.3433500E-03    -1.0706470E-04
2.3444300E-03    2.9386841E-05
2.3455100E-03    6.1516847E-04
2.3465900E-03    -7.8253423E-05
2.3476700E-03    -6.2276734E-04
2.3487500E-03    7.9524112E-04
2.3498300E-03    7.6699456E-04
2.3509200E-03    -3.6365750E-04
2.3520000E-03    -5.5123482E-04
2.3530800E-03    6.3978743E-04
2.3541700E-03    2.5195956E-03
2.3552500E-03    4.7061037E-04
2.3563400E-03    -1.5466170E-04
2.3574200E-03    -3.7253009E-04
2.3585100E-03    -3.7810457E-04
2.3595900E-03    1.0234939E-03
2.3606800E-03    2.3635436E-03
2.3617700E-03    6.8995397E-04
2.3628600E-03    -5.5668983E-04
2.3639400E-03    -5.8336330E-05
2.3650300E-03    1.7902365E-04
2.3661200E-03    -5.0882713E-04
2.3672100E-03    5.9724583E-04
2.3683000E-03    4.7847252E-04
2.3693900E-03    -5.6676765E-04
2.3704900E-03    7.4928434E-04
2.3715800E-03    7.3435595E-04
2.3726700E-03    -3.6416048E-04
2.3737600E-03    7.5746473E-04
2.3748600E-03    -2.5699214E-04
2.3759500E-03    -6.4549232E-04
2.3770500E-03    7.3858163E-04
2.3781400E-03    2.9913927E-04
2.3792400E-03    -5.1809249E-04
2.3803300E-03    1.0177136E-03
2.3814300E-03    1.7907127E-04
2.3825300E-03    -1.8240722E-04
2.3836200E-03    -1.9751719E-04
2.3847200E-03    -3.1918289E-05
2.3858200E-03    4.3607463E-05
2.3869200E-03    3.3791938E-05
2.3880200E-03    5.8493335E-04
2.3891200E-03    -4.1978611E-04
2.3902200E-03    1.0295317E-04
2.3913200E-03    -1.1812211E-04
2.3924200E-03    4.9536747E-04
2.3935200E-03    9.3715405E-04
2.3946300E-03    -6.8812863E-06
2.3957300E-03    -3.5363302E-05
2.3968300E-03    -3.3003847E-04
2.3979400E-03    2.4135858E-04
2.3990400E-03    -2.2982648E-04
2.4001500E-03    2.3543001E-06
2.4012500E-03    -1.0538296E-04
2.4023600E-03    2.6140296E-05
2.4034700E-03    1.6525884E-03
2.4045700E-03    2.8064547E-04
2.4056800E-03    7.3877843E-05
2.4067900E-03    -2.4439069E-04
2.4079000E-03    3.2050296E-05
2.4090100E-03    1.0074814E-04
2.4101200E-03    -2.8699528E-04
2.4112300E-03    -5.5840718E-05
2.4123400E-03    1.7869094E-04
2.4134500E-03    5.2222595E-04
2.4145600E-03    -2.0171707E-04
2.4156700E-03    -1.1487107E-06
2.4167900E-03    -9.4276278E-05
2.4179000E-03    -8.7973894E-06
2.4190100E-03    -1.2511468E-04
2.4201300E-03    6.2316111E-04
2.4212400E-03    4.6937000E-04
2.4223600E-03    -1.0499828E-04
2.4234700E-03    -5.6947526E-04
2.4245900E-03    4.7213145E-04
2.4257100E-03    4.5979626E-04
2.4268300E-03    -8.5895385E-05
2.4279400E-03    1.7189387E-04
2.4290600E-03    -4.9681832E-05
2.4301800E-03    -2.1425458E-04
2.4313000E-03    -2.2190674E-04
2.4324200E-03    2.4342948E-04
2.4335400E-03    4.4239169E-04
2.4346600E-03    -1.2492406E-04
2.4357800E-03    -2.4101610E-05
2.4369100E-03    3.0630718E-05
2.4380300E-03    4.1583796E-04
2.4391500E-03    5.1563578E-05
2.4402700E-03    2.1085105E-04
2.4414000E-03    -1.5332748E-04
2.4425200E-03    -3.9141257E-04
2.4436500E-03    1.9427140E-04
2.4447700E-03    1.3355794E-04
2.4459000E-03    4.3922006E-05
2.4470300E-03    1.9494854E-04
2.4481500E-03    4.3315234E-04
2.4492800E-03    3.8016814E-04
2.4504100E-03    -5.6468403E-04
2.4515400E-03    -3.2897102E-04
2.4526700E-03    1.0370246E-03
2.4538000E-03    1.1507693E-03
2.4549300E-03    5.3725038E-04
2.4560600E-03    -5.3186570E-04
2.4571900E-03    -3.2167772E-04
2.4583200E-03    7.4839006E-04
2.4594600E-03    6.6353810E-05
2.4605900E-03    7.3143472E-04
2.4617200E-03    -1.2597679E-04
2.4628600E-03    -6.4816454E-04
2.4639900E-03    5.0089804E-04
2.4651300E-03    9.0953197E-04
2.4662600E-03    -1.8802636E-04
2.4674000E-03    3.8772484E-04
2.4685300E-03    1.8455381E-04
2.4696700E-03    -2.5610182E-04
2.4708100E-03    -6.0020506E-05
2.4719500E-03    4.8273917E-05
2.4730900E-03    -2.6264429E-04
2.4742300E-03    7.0448958E-05
2.4753700E-03    9.9521557E-04
2.4765100E-03    -2.5859745E-04
2.4776500E-03    -3.5885064E-04
2.4787900E-03    6.3324131E-04
2.4799300E-03    4.0517693E-04
2.4810700E-03    -6.1576619E-05
2.4822200E-03    -3.5495437E-04
2.4833600E-03    5.4601845E-04
2.4845000E-03    -2.3207016E-05
2.4856500E-03    -5.8836891E-04
2.4867900E-03    2.1523864E-04
2.4879400E-03    1.5120697E-03
2.4890800E-03    1.4599008E-04
2.4902300E-03    -3.5579695E-06
2.4913800E-03    -1.0718568E-05
2.4925300E-03    1.6433897E-05
2.4936700E-03    4.4226434E-05
2.4948200E-03    -9.4271688E-05
2.4959700E-03    -2.4042463E-06
2.4971200E-03    -6.4536022E-07
2.4982700E-03    -6.4842859E-05
2.4994200E-03    -2.7634423E-04