log-lin
872
1.000000000000000e-03      1.479108044386504e-04
1.009260000000000e-03      5.374586268833222e-05
1.018610000000000e-03     -1.970477323502622e-05
1.028040000000000e-03      6.224458771339299e-04
1.037570000000000e-03      2.655069323936394e-06
1.047180000000000e-03     -3.285681820048929e-04
1.056880000000000e-03      2.376270918904770e-03
1.066660000000000e-03      2.533695668373789e-04
1.076540000000000e-03      3.132325072699177e-05
1.086520000000000e-03      5.530682117459375e-05
1.096580000000000e-03      9.630681030332838e-04
1.106740000000000e-03      4.726688763692637e-04
1.116990000000000e-03      8.086982467980079e-05
1.127330000000000e-03      2.183126923874129e-05
1.137770000000000e-03      2.193986118909429e-03
1.148310000000000e-03     -8.127869409963925e-04
1.158950000000000e-03     -2.406323399402107e-04
1.169680000000000e-03      5.285297600739425e-03
1.180520000000000e-03      4.607110898474913e-04
1.191450000000000e-03     -2.450410600852209e-04
1.202490000000000e-03      4.519774011297353e-05
1.213620000000000e-03      4.585052728107444e-04
1.224860000000000e-03     -1.409324088160901e-05
1.236210000000000e-03     -6.180550134035559e-05
1.247660000000000e-03      3.516285168172908e-03
1.259220000000000e-03      1.125449281746978e-04
1.270880000000000e-03      7.649703951423649e-04
1.282650000000000e-03      1.741969520519096e-05
1.294530000000000e-03     -7.822604197168102e-06
1.306520000000000e-03      2.110634166420338e-05
1.318620000000000e-03      9.670283419472280e-04
1.330830000000000e-03      4.089049270492143e-05
1.343160000000000e-03     -2.785088635525910e-06
1.355600000000000e-03     -2.850489001311922e-06
1.368160000000000e-03     -1.470856450303513e-05
1.380830000000000e-03     -5.378232080201856e-05
1.393620000000000e-03     -4.114564987671590e-03
1.406530000000000e-03     -1.767965199640447e-03
1.419550000000000e-03     -1.472667802314481e-03
1.432700000000000e-03      1.977853181646389e-04
1.445970000000000e-03      1.972256630559897e-03
1.459370000000000e-03     -2.869037065013081e-06
1.472880000000000e-03      7.623809057832390e-03
1.486520000000000e-03     -1.519255250598599e-04
1.500290000000000e-03      2.277606008326928e-05
1.514190000000000e-03     -1.024823137943644e-04
1.528210000000000e-03     -1.873534526971730e-04
1.542370000000000e-03     -8.731942215097014e-05
1.556650000000000e-03      1.135655425524915e-04
1.571070000000000e-03      6.716465854070250e-05
1.585620000000000e-03     -8.380712293498326e-05
1.600310000000000e-03      5.380783496223383e-03
1.615130000000000e-03     -4.704996706507010e-05
1.630090000000000e-03      1.852872313034204e-04
1.645190000000000e-03      6.843041679379939e-05
1.660430000000000e-03      9.942289328369524e-03
1.675810000000000e-03      3.473092218044203e-05
1.691330000000000e-03      3.779312807941746e-03
1.706990000000000e-03      1.843783329928908e-04
1.722810000000000e-03     -1.908931288128698e-03
1.738760000000000e-03     -1.653949631722203e-05
1.754870000000000e-03      6.212382187300509e-03
1.771120000000000e-03     -1.187781897560352e-04
1.787530000000000e-03      1.509809974060302e-03
1.804080000000000e-03     -2.997601918468226e-05
1.820790000000000e-03      2.043935529727054e-05
1.837660000000000e-03      4.054763154126137e-05
1.854680000000000e-03      3.861982403833136e-05
1.871860000000000e-03      5.209547860858743e-05
1.889190000000000e-03      1.800147612098855e-05
1.906690000000000e-03      3.638948801676247e-04
1.924350000000000e-03      1.149795911225520e-04
1.942170000000000e-03     -8.585212387077662e-05
1.960160000000000e-03      5.345694615745363e-05
1.978320000000000e-03      2.376771117646554e-03
1.996640000000000e-03      4.955319535521243e-05
2.015140000000000e-03     -2.903853413476392e-05
2.033800000000000e-03      9.170704006554320e-04
2.052640000000000e-03     -8.073926408080556e-05
2.071650000000000e-03     -4.270103818076426e-04
2.090840000000000e-03      1.345124538162280e-03
2.110200000000000e-03      2.636104081508492e-05
2.129750000000000e-03      6.783325737416717e-05
2.149470000000000e-03      1.401646627947479e-03
2.169380000000000e-03      5.474234926797358e-05
2.189480000000000e-03      3.892694578394684e-03
2.209760000000000e-03      1.877181284651726e-04
2.230220000000000e-03      7.534042406830180e-05
2.250880000000000e-03     -2.945334590017179e-05
2.271730000000000e-03     -7.560207603308347e-05
2.292770000000000e-03      1.444848641976880e-04
2.314010000000000e-03      7.291735055783329e-04
2.335440000000000e-03      9.098566424361342e-05
2.357070000000000e-03     -1.789754931413979e-03
2.378900000000000e-03      5.272295218403134e-05
2.400930000000000e-03      2.657469578356300e-04
2.423170000000000e-03      1.532743227191025e-04
2.445620000000000e-03      3.784065687499256e-03
2.468270000000000e-03      1.358695652174194e-04
2.491130000000000e-03      1.400430043562005e-03
2.514200000000000e-03      1.457475994513061e-04
2.537490000000000e-03      1.816905479622654e-04
2.560990000000000e-03     -1.724562700172453e-03
2.584710000000000e-03      1.839930754277092e-03
2.608650000000000e-03      1.464516189989372e-04
2.632820000000000e-03     -1.805135610804547e-05
2.657200000000000e-03      1.248933202889986e-04
2.681810000000000e-03      4.318146651453523e-05
2.706650000000000e-03     -1.006140812752246e-05
2.731720000000000e-03     -4.233623437340226e-05
2.757020000000000e-03     -1.065088093996337e-04
2.782560000000000e-03     -1.357393803897137e-04
2.808330000000000e-03     -1.098867399926791e-04
2.834340000000000e-03     -1.209275670161925e-04
2.860600000000000e-03     -1.637035385367294e-04
2.887090000000000e-03      8.492334286417638e-04
2.913830000000000e-03     -3.461067707918371e-05
2.940820000000000e-03      3.839173530637737e-05
2.968060000000000e-03     -1.153681976016969e-05
2.995550000000000e-03      6.646785393028607e-05
3.023290000000000e-03      1.584605557015198e-04
3.051300000000000e-03      1.352447930753916e-04
3.079560000000000e-03      1.753463089602711e-04
3.108080000000000e-03      1.731301939058191e-03
3.136870000000000e-03      2.945275347327137e-04
3.165920000000000e-03      1.115217945450142e-04
3.195250000000000e-03      4.963969852152211e-05
3.224840000000000e-03      6.977555529712783e-04
3.254710000000000e-03      7.911001236101855e-05
3.284860000000000e-03      6.047411707789433e-04
3.315280000000000e-03      2.398355413430897e-03
3.345990000000000e-03      6.857017471674688e-05
3.376980000000000e-03      2.746032288458252e-04
3.408260000000000e-03     -6.924185840607506e-04
3.439830000000000e-03      3.894099303449954e-03
3.471690000000000e-03      2.461676964687685e-05
3.503840000000000e-03      5.784724828713658e-05
3.536300000000000e-03      3.293531504120880e-05
3.569050000000000e-03     -1.477529242772297e-05
3.602110000000000e-03      1.057963156434135e-04
3.635470000000000e-03      6.892822156323127e-04
3.669140000000000e-03      5.922586985988077e-05
3.703130000000000e-03      3.248079811641159e-04
3.737430000000000e-03      2.873479963245976e-03
3.772040000000000e-03      1.264533352066475e-04
3.806980000000000e-03      8.155432957547494e-05
3.842240000000000e-03      1.826580768511452e-06
3.877830000000000e-03      1.007014968680078e-03
3.913750000000000e-03      2.831391624007047e-03
3.950000000000000e-03     -1.500549170055578e-04
3.986580000000000e-03      4.707802397801840e-06
4.023510000000000e-03      1.186347121871808e-04
4.060770000000000e-03      8.934354827910926e-05
4.098380000000000e-03      1.281884830865527e-04
4.136340000000000e-03      2.348459600449557e-04
4.174660000000000e-03      6.458184061458995e-04
4.213320000000000e-03     -6.160260342478952e-04
4.252350000000000e-03      1.869920827605932e-06
4.291730000000000e-03     -4.898249080041164e-05
4.331480000000000e-03      5.129634991616107e-04
4.371600000000000e-03     -4.178779069767367e-03
4.412090000000000e-03      1.274170025247811e-04
4.452960000000000e-03      1.814040674819351e-05
4.494200000000000e-03      4.033369409582243e-04
4.535830000000000e-03     -9.913160712226408e-06
4.577840000000000e-03      8.164435718003923e-05
4.620240000000000e-03     -1.043799429925099e-03
4.663030000000000e-03      2.605119680444701e-05
4.706220000000000e-03     -1.091131284916081e-03
4.749810000000000e-03     -2.201027146001406e-04
4.793810000000000e-03     -4.080323458368541e-04
4.838210000000000e-03     -2.865276884930572e-04
4.883020000000000e-03     -4.993161539629474e-05
4.928250000000000e-03      5.878950512510244e-04
4.973900000000000e-03      6.833818012957154e-04
5.019970000000000e-03      1.368538218712023e-05
5.066460000000000e-03      1.174661251623284e-04
5.113390000000000e-03      6.914458609812630e-05
5.160750000000000e-03     -2.801004887644751e-04
5.208550000000000e-03     -6.482417002709482e-05
5.256790000000000e-03      1.206460596494317e-03
5.305480000000000e-03     -1.874932619610858e-05
5.354620000000000e-03     -2.360226009520950e-03
5.404220000000000e-03      2.245407121795424e-04
5.454270000000000e-03      4.579372577750816e-05
5.504790000000000e-03     -6.507125670244540e-04
5.555780000000000e-03     -6.090395291683919e-04
5.607230000000000e-03      9.206577178617930e-06
5.659170000000000e-03      2.992965721644331e-04
5.711590000000000e-03      4.489930415712207e-04
5.764490000000000e-03     -4.081450918697460e-04
5.817880000000000e-03      1.156081122313994e-03
5.871770000000000e-03      1.472772483770265e-03
5.926150000000000e-03      9.636866219848947e-04
5.981040000000000e-03      7.436164479043110e-04
6.036440000000000e-03      1.638321110937867e-03
6.092350000000000e-03     -7.033233642085708e-04
6.148780000000000e-03      1.157248352729117e-04
6.205730000000000e-03      1.809453776305296e-03
6.263210000000000e-03      2.139840382413984e-04
6.321220000000000e-03      1.811897436251784e-04
6.379770000000000e-03      6.726573758775897e-04
6.438860000000000e-03     -5.087517412632365e-05
6.498500000000000e-03     -8.275919144278236e-05
6.558690000000000e-03      7.004484243343405e-04
6.619430000000000e-03      8.460420417817048e-05
6.680740000000000e-03      1.148992104121031e-05
6.742620000000000e-03     -1.774015884978876e-03
6.805070000000000e-03      7.633761030270803e-05
6.868100000000000e-03      4.703646626138205e-04
6.931720000000000e-03     -1.974778009875135e-03
6.995920000000000e-03     -3.201901968113605e-04
7.060720000000000e-03      2.173601327376187e-03
7.126120000000000e-03      1.496995291074488e-03
7.192120000000000e-03      2.001115725201453e-03
7.258730000000000e-03      2.501245885735148e-04
7.325970000000000e-03      7.189008006764857e-06
7.393820000000000e-03      1.123772278796948e-05
7.462300000000000e-03      1.243456311158821e-05
7.531420000000000e-03     -1.656764735957649e-06
7.601180000000000e-03      3.887872550112574e-04
7.671580000000000e-03     -1.472096491880049e-04
7.742640000000000e-03     -1.566897104993778e-05
7.814349999999999e-03      1.000275597338010e-03
7.886730000000000e-03      1.532806708430302e-04
7.959780000000000e-03      4.799147671369483e-05
8.033500000000001e-03      2.538903110156332e-03
8.107909999999999e-03     -2.818011029634459e-03
8.183009999999999e-03      8.896377177336704e-05
8.258800000000000e-03      1.728894014540531e-03
8.335290000000000e-03      1.630985747510180e-03
8.412500000000000e-03     -1.888401711817407e-03
8.490420000000000e-03      1.079624373765885e-04
8.569060000000000e-03     -4.834580010375542e-05
8.648420000000000e-03      4.911505879304122e-04
8.728530000000000e-03      3.486215239688155e-04
8.809370000000000e-03      6.599658137702855e-05
8.890970000000000e-03     -2.796439950131510e-03
8.973320000000000e-03      5.432706938139522e-04
9.056430000000001e-03      2.407338003933179e-04
9.140310000000000e-03      2.410817821729667e-03
9.224970000000001e-03      8.388666266591845e-04
9.310410000000000e-03      1.842943416912136e-04
9.396649999999999e-03      1.814919676849599e-05
9.483680000000000e-03     -3.901373283291372e-06
9.571520000000000e-03      1.053892215568882e-03
9.660169999999999e-03      4.810474625355528e-04
9.749650000000000e-03      7.454542480376646e-04
9.839950000000000e-03      2.370952445468898e-04
9.931090000000000e-03      1.654379510203353e-03
1.002310000000000e-02      2.265255625383844e-04
1.011590000000000e-02      2.821919690618865e-04
1.020960000000000e-02      1.901099378612483e-04
1.030420000000000e-02      4.278614606532034e-03
1.039960000000000e-02     -1.373637694816015e-04
1.049590000000000e-02     -4.621495684057665e-03
1.059310000000000e-02      1.088165923539599e-04
1.069130000000000e-02      3.747920624818949e-05
1.079030000000000e-02      1.551826477127483e-03
1.089020000000000e-02      1.967944260419600e-03
1.099110000000000e-02     -6.457300399228282e-05
1.109290000000000e-02      1.322173853388320e-03
1.119560000000000e-02      2.239463889353354e-04
1.129930000000000e-02      1.427779089625990e-04
1.140400000000000e-02      1.156050074845203e-03
1.150960000000000e-02     -1.599376533947425e-03
1.161620000000000e-02     -1.042782255791930e-04
1.172380000000000e-02      1.406957242011353e-03
1.183240000000000e-02      3.876133314759028e-04
1.194200000000000e-02     -1.370373233448746e-04
1.205260000000000e-02      8.755581683314516e-05
1.216420000000000e-02      4.614599507052288e-04
1.227690000000000e-02      2.071584762343277e-03
1.239060000000000e-02      3.963081938115387e-04
1.250540000000000e-02      1.432271826909013e-04
1.262120000000000e-02     -1.240491088532171e-04
1.273810000000000e-02      1.325933885621421e-04
1.285610000000000e-02      8.069457858525257e-05
1.297520000000000e-02      9.330887863132347e-05
1.309540000000000e-02      3.573323218080438e-04
1.321660000000000e-02     -1.056520186821960e-04
1.333910000000000e-02     -1.630067131598158e-04
1.346260000000000e-02     -5.123585383704746e-04
1.358730000000000e-02      7.199154531291052e-05
1.371310000000000e-02      1.013486659071131e-03
1.384020000000000e-02     -1.372092936428304e-03
1.396840000000000e-02     -9.882103703958594e-04
1.409770000000000e-02     -6.612390654043397e-04
1.422830000000000e-02      1.469967267035559e-03
1.436010000000000e-02      4.000312524416501e-04
1.449310000000000e-02     -8.448289835283176e-04
1.462730000000000e-02     -2.127047775856373e-04
1.476280000000000e-02      1.836317962119421e-05
1.489960000000000e-02      1.941483681830056e-04
1.517680000000000e-02     -9.734783740647560e-04
1.531740000000000e-02      5.983707995040727e-05
1.545930000000000e-02      1.583782071597325e-05
1.560250000000000e-02      3.414504798998446e-03
1.574700000000000e-02     -3.321609181861778e-03
1.589280000000000e-02      2.895417519205593e-04
1.604000000000000e-02     -1.415808087215194e-04
1.618860000000000e-02     -6.666050477127212e-04
1.633850000000000e-02      1.717895181965728e-04
1.648990000000000e-02      1.884447195543234e-03
1.664260000000000e-02      1.872604383064883e-04
1.679670000000000e-02      8.949493863431142e-04
1.695230000000000e-02     -4.981241567708507e-03
1.710930000000000e-02      4.126215481872426e-04
1.726780000000000e-02      8.651853091012417e-04
1.742770000000000e-02      8.134652423057913e-05
1.758920000000000e-02     -5.158082768197321e-03
1.775210000000000e-02     -9.121590805434583e-05
1.791650000000000e-02     -3.139401477025087e-03
1.808240000000000e-02     -6.814347199166263e-05
1.824990000000000e-02     -1.270093843160125e-03
1.841900000000000e-02      1.025048456836304e-04
1.858960000000000e-02      4.524952502501874e-03
1.876170000000000e-02      1.136159374332395e-03
1.893550000000000e-02      1.202298901195795e-03
1.911090000000000e-02      1.437452833580336e-05
1.928790000000000e-02      4.175951089173423e-04
1.946660000000000e-02      5.407425956370791e-04
1.964690000000000e-02     -1.445870233146906e-04
1.982880000000000e-02     -5.541626137874272e-04
2.001250000000000e-02      2.663636040765838e-05
2.019790000000000e-02      4.464724213981506e-05
2.076430000000000e-02      3.019770437138211e-06
2.095660000000000e-02     -3.031920054419192e-06
2.115070000000000e-02      3.034551402353464e-06
2.134660000000000e-02      6.133501800188912e-06
2.154430000000000e-02     -3.054908933252548e-06
2.174390000000000e-02     -3.040095823739028e-06
2.194530000000000e-02     -3.056739192816799e-06
2.214860000000000e-02     -3.096119014903960e-06
2.235370000000000e-02      3.124755878363392e-06
2.256070000000000e-02      6.277266878007596e-06
2.276970000000000e-02      1.567265466552124e-05
2.298060000000000e-02      3.120650593152183e-06
2.319350000000000e-02      9.516558812254931e-06
2.340830000000000e-02     -9.523265337316456e-06
2.384390000000000e-02      3.216416590369263e-06
2.406480000000000e-02      3.241144383172123e-06
2.496880000000000e-02      6.535712768501787e-06
2.566900000000000e-02      9.404860431967610e-06
2.590680000000000e-02     -1.759732051468057e-05
2.614670000000000e-02      1.981436768100919e-05
2.638890000000000e-02      3.636987119873537e-05
2.663330000000000e-02      4.083225203484806e-05
2.688000000000000e-02      2.033636345145663e-05
2.712900000000000e-02      4.914205000976839e-05
2.738030000000000e-02      1.523346813258728e-05
2.763390000000000e-02     -9.910500556509940e-05
2.788980000000000e-02     -7.428366907304414e-05
2.814810000000000e-02     -5.751175396461443e-05
2.867200000000000e-02      1.973418058739674e-05
2.893750000000000e-02      2.068663539915724e-05
2.920560000000000e-02      2.995696616685671e-05
2.947610000000000e-02      1.563339406667678e-05
2.974910000000000e-02      1.554958451503099e-05
3.002460000000000e-02      5.005339028255547e-06
3.030270000000000e-02      1.063247263478256e-05
3.058340000000000e-02      1.866465586099029e-05
3.086660000000000e-02      9.768486861232262e-06
3.115250000000000e-02      6.084538578966652e-06
3.144110000000000e-02     -2.102253615819973e-06
3.173230000000000e-02      1.916920658649944e-05
3.202620000000000e-02      6.608832043087921e-06
3.232280000000000e-02      6.766037199741889e-06
3.262220000000000e-02      4.601223465324030e-06
3.292440000000000e-02      2.344165723207371e-06
3.353710000000000e-02      1.206132944792218e-05
3.384770000000000e-02      2.457497579299133e-06
3.416120000000000e-02      2.488366884746919e-06
3.447760000000000e-02      2.505556070658575e-06
3.511930000000000e-02      2.545610984893723e-06
3.544460000000000e-02      1.023460267994095e-05
3.577290000000000e-02      2.582397859782913e-06
3.610420000000000e-02      5.210735156574775e-06
3.677610000000000e-02      2.630533656292485e-06
3.746050000000000e-02      1.332040366159982e-05
3.815760000000000e-02     -2.689480634472030e-06
3.851110000000000e-02      2.707994269811671e-06
3.959110000000000e-02     -2.738405590655587e-06
3.995780000000000e-02      2.763522607076154e-06
4.032790000000000e-02      5.537635152913488e-06
4.070140000000000e-02      8.292355277601090e-06
4.107840000000000e-02      5.466571912758979e-06
4.145890000000000e-02     -5.392303565126895e-06
4.184290000000000e-02      5.467229426821135e-06
4.223040000000000e-02      2.781424534315114e-06
4.262160000000000e-02      2.811958698031504e-06
4.301640000000000e-02      2.837080644098889e-06
4.341480000000000e-02      2.854997530509234e-06
4.422270000000000e-02      2.888687322789882e-06
4.463230000000000e-02      2.902841882125009e-06
4.504570000000000e-02      2.918583203053876e-06
4.546300000000000e-02     -2.924310082227961e-06
4.588400000000000e-02      1.468277856911259e-05
4.630900000000000e-02      2.948174048324242e-06
4.673800000000000e-02      5.882370242271301e-06
4.717080000000000e-02     -3.970977824913487e-05
4.760780000000000e-02      5.850313869344941e-06
4.804870000000000e-02     -8.761579888013121e-06
4.849370000000000e-02      8.784901682398735e-06
4.894290000000000e-02      5.773988758049663e-06
4.939620000000000e-02      2.779677223806391e-06
4.985370000000000e-02      1.300657352219896e-05
5.031550000000000e-02     -1.919510141013933e-05
5.078150000000000e-02     -1.424274866060242e-05
5.125190000000000e-02      1.972615169905783e-05
5.172660000000000e-02      3.208719819518209e-05
5.220570000000000e-02      3.006034009873796e-04
5.268920000000000e-02      1.606022015727712e-04
5.317720000000000e-02     -1.208414692554640e-04
5.366980000000000e-02      4.739733918624327e-05
5.416690000000000e-02      4.195393457987331e-05
5.466860000000000e-02      2.596229236659276e-05
5.517490000000000e-02      5.421552841170189e-06
5.568600000000000e-02      5.605098397507973e-06
5.620170000000000e-02     -1.454881555525790e-04
5.672230000000000e-02      5.867477160851019e-06
5.724770000000000e-02      1.183754157937664e-05
5.777790000000000e-02      9.049338691289302e-05
5.831310000000000e-02      6.041474723986166e-06
5.885320000000000e-02      3.041381030385695e-06
5.939830000000000e-02      6.099160145654045e-06
5.994840000000000e-02      3.055216935596774e-06
6.220050000000000e-02     -3.071819131207362e-06
6.277660000000000e-02      3.090359006923160e-06
6.335800000000000e-02      3.110923073011014e-06
6.453720000000000e-02     -6.286698603101857e-06
6.513490000000000e-02     -6.309566248874531e-06
6.634710000000001e-02     -3.205549447117232e-06
6.696160000000000e-02      3.227399329439225e-06
6.758180000000000e-02     -3.245341312639162e-06
6.820780000000000e-02      2.964768665701500e-05
6.883950000000000e-02     -3.322358475930362e-06
6.947710000000000e-02      1.341206213809730e-05
7.208720000000000e-02     -9.807639497244853e-06
7.275479999999999e-02      6.808788784569923e-06
7.342870000000000e-02      2.971159940834713e-05
7.410880000000000e-02     -2.552900232658780e-04
7.479520000000001e-02      6.592916933793758e-05
7.548800000000000e-02      1.660384877216199e-05
7.618720000000000e-02      8.935272883325459e-06
7.689280000000000e-02      3.077633299909962e-06
7.904930000000000e-02      3.347168295532349e-06
7.978140000000000e-02     -3.438860499092982e-06
8.052040000000001e-02      3.540274158932663e-06
8.126620000000000e-02      3.654369712486047e-06
8.201890000000001e-02      3.728811031421780e-06
8.277859999999999e-02      4.738694828057813e-05
8.354530000000000e-02     -6.770081102101720e-05
8.431909999999999e-02      1.587004898561601e-05
8.510010000000000e-02      3.606625370797265e-05
8.588830000000000e-02      1.530557582128700e-05
8.668380000000001e-02      1.088577555709045e-05
8.748670000000000e-02      5.665786581156728e-06
8.829700000000000e-02      5.833999381601900e-06
8.994020000000000e-02      3.024702747424483e-06
9.077330000000000e-02      3.055907833907607e-06
9.161400000000000e-02      3.085438888343384e-06
9.331900000000000e-02      3.098306155941605e-06
9.418330000000000e-02     -1.518197110577205e-05
9.505570000000001e-02      4.138314287238622e-05
9.682470000000000e-02     -2.873431106538908e-06
9.772150000000000e-02     -5.730002292006647e-06
9.862659999999999e-02      1.131650568938455e-05
9.954010000000001e-02      5.815255158864049e-06
1.004620000000000e-01      2.403059094229354e-05
1.013930000000000e-01      1.226019818611594e-05
1.023320000000000e-01      6.235657986636985e-06
1.032790000000000e-01      3.160116797832300e-06
1.042360000000000e-01      3.210231650229995e-06
1.052020000000000e-01      3.245752121823608e-06
1.061760000000000e-01     -3.251028137742017e-06
1.071590000000000e-01     -3.285831167517441e-06
1.081520000000000e-01      3.288911107405166e-06
1.122150000000000e-01     -3.362633076114022e-06
1.153620000000000e-01     -1.397575207017225e-05
1.175090000000000e-01      2.660058521286243e-04
1.185970000000000e-01     -7.138930730962256e-06
1.208040000000000e-01      1.223329615370003e-04
1.219230000000000e-01     -3.280484724426161e-05
1.230520000000000e-01      6.170490656854902e-05
1.241920000000000e-01     -1.329019316370173e-03
1.253420000000000e-01      2.173794902453127e-05
1.265030000000000e-01      1.092195896257045e-04
1.276750000000000e-01      3.818849075163521e-06
1.288580000000000e-01      3.871347383854761e-06
1.300510000000000e-01     -1.007568618386809e-04
1.312560000000000e-01      2.216164705354331e-05
1.324710000000000e-01      1.063795836294318e-05
1.336980000000000e-01     -1.115229198178178e-05
1.349370000000000e-01     -2.289106523574364e-05
1.361870000000000e-01      3.933244966542857e-06
1.374480000000000e-01      3.966192177989838e-06
1.387210000000000e-01      1.107583253352564e-05
1.400060000000000e-01      7.682910901218879e-06
1.413030000000000e-01     -1.383065743038091e-05
1.426110000000000e-01      4.596348660628597e-06
1.439320000000000e-01      1.297296175305512e-05
1.452650000000000e-01      2.783824864090206e-06
1.466110000000000e-01      1.164391736296853e-05
1.493390000000000e-01      3.103565997420178e-06
1.507230000000000e-01      6.466820361437057e-06
1.535280000000000e-01      1.013640218551223e-05
1.578330000000000e-01     -7.031631795639686e-06
1.592950000000000e-01     -8.905634526449903e-05
1.622600000000000e-01     -3.672015569451605e-06
1.652790000000000e-01     -1.439077219408032e-04
1.683550000000000e-01      8.165698350945384e-06
1.699140000000000e-01      2.282126637738069e-05
1.714880000000000e-01      1.641206089541827e-05
1.730770000000000e-01      3.466300625227890e-06
1.779300000000000e-01     -7.554296506145422e-06
1.795780000000000e-01      1.160402427552303e-05
1.812420000000000e-01      7.674073568786328e-04
1.829200000000000e-01      4.035121699274486e-06
1.846150000000000e-01      6.145431639760943e-05
1.863250000000000e-01      1.796725647192349e-05
1.880500000000000e-01     -7.402874289262982e-06
1.897920000000000e-01      2.726578689056813e-05
1.915500000000000e-01      1.110019591846906e-05
1.933240000000000e-01      8.903213169559454e-06
1.951150000000000e-01      1.232221356245668e-05
1.969220000000000e-01      9.388907319062475e-06
1.987460000000000e-01      1.545518614219156e-05
2.005870000000000e-01     -1.403004182706000e-04
2.043200000000000e-01      9.838065442912186e-06
2.062120000000000e-01      6.804757886721196e-06
2.081220000000000e-01      4.820704236026500e-05
2.100500000000000e-01      1.013291590378665e-04
2.119950000000000e-01     -3.562357282966035e-06
2.139590000000000e-01      2.501027207595707e-05
2.159410000000000e-01      4.860648934016782e-05
2.179410000000000e-01     -7.905169585439031e-06
2.199590000000000e-01      2.819193066398844e-05
2.219970000000000e-01      4.807706753931353e-05
2.261280000000000e-01      3.174233687097007e-05
2.282220000000000e-01      3.668217099662687e-06
2.303360000000000e-01      3.731774944016825e-06
2.324700000000000e-01      4.536094350761037e-04
2.346230000000000e-01     -1.121129555013666e-04
2.367960000000000e-01      3.930095019554044e-04
2.389890000000000e-01     -1.253509827518301e-05
2.434370000000000e-01      5.700624574685664e-05
2.456920000000000e-01      8.212903735300009e-05
2.479670000000000e-01      1.456070357321122e-05
2.502640000000000e-01     -5.790890928555061e-05
2.525820000000000e-01      7.721351854290371e-06
2.549210000000000e-01     -8.478430103038551e-05
2.572830000000000e-01      2.462467885305734e-05
2.596660000000000e-01      4.088775493519291e-06
2.620710000000000e-01      8.347071221277705e-06
2.644980000000000e-01     -1.337337239979302e-04
2.669480000000000e-01      1.209072070771109e-03
2.694200000000000e-01      3.913519906763104e-05
2.719160000000000e-01      1.217949874596238e-04
2.744340000000000e-01      5.116244768524493e-04
2.769760000000000e-01      4.786357513560436e-05
2.821310000000000e-01      3.642894352323418e-06
2.847440000000000e-01      3.922030042862908e-06
2.900430000000000e-01      4.278623994527640e-06
2.927290000000000e-01      4.258345292190621e-05
2.954410000000000e-01      4.092080914084034e-05
2.981770000000000e-01      4.186009518989833e-06
3.009390000000000e-01      1.647487170195310e-05
3.037260000000000e-01      2.625418426064279e-05
3.065400000000000e-01      8.870281010511284e-06
3.093790000000000e-01      9.087934857692030e-06
3.122440000000000e-01      9.319447356781065e-06
3.151360000000000e-01      2.689292581589103e-05
3.180550000000000e-01     -1.419169431091873e-05
3.210010000000000e-01     -1.269538998652384e-05
3.239740000000000e-01      4.230190020135239e-04
3.300030000000000e-01     -6.764472987863440e-05
3.330600000000000e-01      1.924142602069129e-05
3.361450000000000e-01      4.122402371209967e-06
3.424010000000000e-01      4.420905578303079e-06
3.455720000000000e-01     -3.528550383292314e-05
3.487730000000000e-01      3.720125881015367e-04
3.520030000000000e-01      1.421241881157175e-05
3.552630000000000e-01      4.676481041550534e-06
3.585540000000000e-01      1.935846061523124e-05
3.618750000000000e-01     -7.255761981991199e-06
3.652270000000000e-01     -6.840109031344800e-06
3.686100000000000e-01      3.015636073020796e-05
3.720240000000000e-01      4.320307605905861e-06
3.754690000000000e-01      4.699181872440709e-06
3.789470000000000e-01      1.037873742659043e-04
3.824570000000000e-01     -7.268868164545369e-06
3.859990000000000e-01      7.431749078300018e-05
3.895750000000000e-01      6.653293546644578e-06
3.931830000000000e-01      6.835363436280742e-06
3.968250000000000e-01     -3.536230449167591e-06
4.005000000000000e-01      7.469598733163526e-06
4.042100000000000e-01      4.196831392303012e-05
4.079530000000000e-01     -3.381257016205539e-06
4.117320000000000e-01      1.073529622271716e-05
4.155460000000000e-01      1.866319282429068e-05
4.193940000000000e-01      7.695401997314305e-05
4.232790000000000e-01      3.914415225404728e-06
4.271990000000000e-01      1.586275543972942e-05
4.311560000000000e-01      8.102677124530045e-06
4.351500000000000e-01      8.564503558547907e-05
4.391800000000000e-01     -3.209219731722337e-05
4.432480000000000e-01      1.915650095007526e-05
4.473530000000000e-01      2.565314745808370e-05
4.514970000000000e-01      1.748596472300344e-04
4.641590000000000e-01      1.293597584095050e-04
4.684580000000000e-01      6.025064267344274e-05
4.727970000000000e-01      7.827482290329145e-06
4.771760000000000e-01      8.484138902330593e-06
4.815960000000000e-01      7.688791877214370e-05
4.860560000000000e-01      1.332563407810154e-05
4.905580000000000e-01     -4.762952584945637e-04
4.951020000000000e-01      9.366189927608718e-06
4.996880000000000e-01     -2.976587598920345e-04
5.043160000000000e-01      2.609330967530462e-05
5.089870000000000e-01      1.061561325936032e-04
5.137010000000000e-01      9.154994049250923e-05
5.184590000000000e-01     -1.413520797604082e-05
5.232610000000000e-01      4.816886075818868e-05
5.281080000000000e-01      1.943294661771508e-05
5.329990000000000e-01      3.248651809502307e-05
5.379360000000000e-01      3.936542928004567e-05
5.429190000000000e-01     -9.002844898997084e-06
5.479470000000000e-01      1.339273756485656e-05
5.530220000000000e-01      5.893259471141273e-05
5.581450000000000e-01      6.017822011347299e-05
5.633140000000000e-01      6.616655776749173e-05
5.685320000000000e-01      3.175697746152527e-05
5.791120000000000e-01     -1.562768600854835e-05
5.898900000000000e-01      9.221519337535274e-06
5.953530000000000e-01      1.750513412774713e-04
6.008680000000000e-01      4.674666579410899e-06
6.064330000000000e-01      4.771925806102339e-06
6.120500000000000e-01      2.501012910217260e-05
6.177190000000000e-01      1.333558556557552e-05
6.234400000000000e-01     -3.921638531881350e-04
6.292150000000000e-01      1.770810518613665e-04
6.409240000000000e-01      4.955204947281576e-06
6.468610000000000e-01     -4.739336492886965e-05
6.528520000000000e-01      3.440175350655600e-05
6.588990000000000e-01      1.096092212045494e-04
6.650020000000000e-01     -3.995471798632217e-05
6.711610000000000e-01      4.589072527894814e-04
6.773780000000000e-01      3.811672867097471e-06
6.836520000000000e-01      2.230093626766328e-05
6.899840000000000e-01      1.010509296685418e-04
6.963740000000000e-01     -1.163821272862709e-04
7.028240000000000e-01      4.369356248179048e-04
7.093340000000000e-01      8.279447926420547e-06
7.159040000000000e-01      1.809057589539106e-04
7.225350000000000e-01      3.594277909551610e-05
7.292270000000000e-01      3.853163640010481e-05
7.359810000000000e-01      4.875086975976123e-05
7.427980000000000e-01      8.600227046002615e-06
7.496780000000000e-01      1.413621490371928e-04
7.566220000000000e-01      3.255747874879610e-05
7.636300000000000e-01      3.678617575518800e-05
7.707030000000000e-01      2.567362707223153e-04
7.778410000000000e-01      2.505434582366623e-04
7.850460000000000e-01      1.350720793732870e-04
7.923170000000000e-01      4.027791763169872e-05
7.996550000000000e-01      8.464175377722291e-06
8.070619999999999e-01      1.075700342982845e-04
8.145370000000000e-01     -2.580102251436194e-04
8.220820000000000e-01      1.889287738524467e-05
8.296960000000000e-01      7.383206895909816e-05
8.373810000000000e-01      2.563287570094249e-05
8.451370000000000e-01      5.426112624389018e-05
8.529640000000001e-01      1.378036145377671e-04
8.608650000000000e-01      1.626879883629210e-04
8.688380000000000e-01      3.254497017489202e-05
8.768860000000001e-01      1.469212648929309e-05
8.850070000000000e-01      4.692192192196885e-06
8.932050000000000e-01     -1.505230676602694e-05
9.014780000000000e-01     -3.689628454418330e-05
9.098270000000001e-01      8.877407441939537e-06
9.182540000000000e-01      5.937419597435156e-05
9.267590000000000e-01      9.437947740732046e-05
9.353430000000000e-01     -5.958328368052931e-05
9.440060000000000e-01      1.567709367587609e-05
9.527500000000000e-01     -1.646838354297467e-04
9.615750000000000e-01     -8.311055088438975e-05
9.704810000000000e-01     -8.679952781065551e-06
9.794700000000000e-01      9.019141802139660e-05
9.885420000000000e-01      9.172418537467038e-06
9.976980000000000e-01      2.180406863922988e-05
1.016270000000000e+00     -3.678885823154382e-05
1.025680000000000e+00      1.229637470795856e-04
1.035180000000000e+00     -1.893302914255267e-05
1.044770000000000e+00     -9.107551070475345e-06
1.054440000000000e+00      9.662769349705286e-06
1.064210000000000e+00     -4.414075604291365e-06
1.074070000000000e+00     -4.658638280035406e-06
1.084010000000000e+00     -5.187724899669873e-05
1.094050000000000e+00      1.527300496374189e-05
1.104190000000000e+00     -1.480560243997809e-05
1.114420000000000e+00      1.844768183174968e-04
1.124740000000000e+00      9.021118438272997e-06
1.135150000000000e+00      2.180216713543507e-05
1.145670000000000e+00      1.991654965694353e-04
1.156280000000000e+00      8.177506405706397e-05
1.166990000000000e+00     -1.049521680495164e-05
1.177800000000000e+00      3.343941057468971e-05
1.188710000000000e+00     -1.488065712983373e-05
1.199720000000000e+00     -1.158569552791971e-04
1.210830000000000e+00     -2.273074989618014e-04
1.233360000000000e+00     -4.840431253465086e-04
1.244790000000000e+00     -5.755546253668376e-05
1.256320000000000e+00     -2.711852149823504e-05
1.267950000000000e+00      3.594517846784704e-05
1.279700000000000e+00      1.320168071052413e-04
1.291550000000000e+00      1.629946043165538e-04
1.303510000000000e+00     -4.972477337939505e-06
1.315590000000000e+00      2.526439186084878e-05
1.327770000000000e+00      2.412661648332851e-05
1.340070000000000e+00      1.148816718779420e-04
1.352480000000000e+00      6.098645592464107e-05
1.365010000000000e+00      7.738440704205844e-05
1.377650000000000e+00     -1.349571376130792e-04
1.390410000000000e+00      1.311615570334134e-04
1.403290000000000e+00     -1.224267706539721e-04
1.416290000000000e+00      1.005727618788613e-04
1.429400000000000e+00     -3.147920798315863e-05
1.442640000000000e+00     -3.629462943186980e-05
1.456010000000000e+00      6.130111619107684e-05
1.469490000000000e+00     -7.793388608659428e-05
1.483100000000000e+00     -2.632659723468056e-05
1.496840000000000e+00      3.830474157983530e-05
1.510700000000000e+00      9.399575974678715e-05
1.524700000000000e+00     -2.233629002814555e-04
1.538820000000000e+00     -1.012832588902393e-05
1.553070000000000e+00      7.206762001839784e-05
1.567460000000000e+00     -1.935671193987171e-04
1.581970000000000e+00     -5.660503578987697e-05
1.596630000000000e+00     -1.816728435435288e-05
1.611410000000000e+00      8.759422462074253e-05
1.626340000000000e+00      9.162030509556632e-05
1.641400000000000e+00     -4.980548192342684e-05
1.656610000000000e+00     -1.022055967785818e-05
1.671950000000000e+00     -1.401548243627861e-05
1.687440000000000e+00      8.140096487285170e-05
1.703070000000000e+00     -4.922664933893533e-06
1.718840000000000e+00     -1.928910021171717e-05
1.734760000000000e+00      5.129678266570012e-05
1.750830000000000e+00     -1.628106255354863e-04
1.783410000000000e+00      2.357045208116365e-05
1.799930000000000e+00      1.011858987332537e-05
1.816600000000000e+00      6.056101522289758e-05
1.833430000000000e+00      8.786483287586376e-05
1.850410000000000e+00     -8.672441870544653e-05
1.867550000000000e+00      7.454937564905350e-05
1.884840000000000e+00      9.062993133458972e-05
1.902300000000000e+00     -2.624341290338750e-05
1.919920000000000e+00     -1.309541708903392e-04
1.937700000000000e+00      6.069907997543422e-05
1.955650000000000e+00     -2.898438707685693e-05
1.973760000000000e+00      7.879289288114093e-05
1.992050000000000e+00      1.775585696669814e-04
2.010500000000000e+00     -4.928366197326854e-06
2.029120000000000e+00      1.392408588377566e-05
2.047910000000000e+00      4.030937444893559e-05
2.066880000000000e+00      2.793972470060723e-05
2.086020000000000e+00      4.597151604870223e-06
2.105350000000000e+00     -2.701802102004737e-05
2.124850000000000e+00      9.697627960210632e-06
2.144530000000000e+00      3.898065584957365e-05
2.164390000000000e+00      9.901431251897363e-06
2.184440000000000e+00     -4.168094625014589e-05
2.204670000000000e+00     -1.781467394694790e-05
2.225090000000000e+00      3.789942440252979e-05
2.245700000000000e+00      1.520280542437618e-05
2.266500000000000e+00     -1.373532037636151e-05
2.287490000000000e+00     -4.686826268728558e-06
2.308680000000000e+00      9.300811495812310e-06
2.330060000000000e+00      1.380421028415047e-05
2.351640000000000e+00      4.030693732779114e-05
2.373420000000000e+00      3.866938641341559e-05
2.395410000000000e+00      4.765581067304302e-05
2.439990000000000e+00      8.857199796293262e-06
2.462590000000000e+00     -2.538221383671622e-05
2.485390000000000e+00      3.184133915565522e-05
2.508420000000000e+00     -1.371058777291154e-05
2.555100000000000e+00      8.908884384961804e-06
2.578760000000000e+00      2.267419449926309e-05
2.602650000000000e+00      3.309645726068661e-05
2.626750000000000e+00     -4.637939270827826e-06
2.651080000000000e+00     -4.792554287663486e-06
2.675640000000000e+00     -1.844729147644742e-05
2.700420000000000e+00      4.700087421630742e-06
2.725430000000000e+00      8.988562054794275e-06
2.750680000000000e+00      2.830402294515624e-05
2.776150000000000e+00     -4.655688553063210e-06
2.801870000000000e+00     -4.646321971531986e-06
2.827820000000000e+00      1.856312157454254e-05
2.854010000000000e+00      2.297245143613311e-05
2.880440000000000e+00     -4.532577903687252e-06
2.907120000000000e+00     -9.353180782964118e-06
2.934050000000000e+00      9.064868196825484e-06
2.961230000000000e+00     -2.752849198923636e-05
2.988650000000000e+00      9.615754452103928e-06
3.016330000000000e+00      9.213914854222046e-06
3.044270000000000e+00      1.417059507053650e-05
3.072470000000000e+00      9.551280826768421e-06
3.100930000000000e+00      4.739718365939436e-06
3.158640000000000e+00     -4.502537179705264e-06
3.217420000000000e+00      9.431960197137401e-06
3.247220000000000e+00     -1.348369147517428e-05
3.277290000000000e+00      4.581922483040014e-06
3.307650000000000e+00     -1.409516113119776e-05
3.338290000000000e+00     -4.607042324902447e-06
3.369210000000000e+00     -1.333125958185616e-05
3.400410000000000e+00      4.519998734404875e-06
3.431910000000000e+00     -4.638477095204742e-06
3.528150000000000e+00     -4.508261388999843e-06
3.560830000000000e+00      9.221604374738337e-06
3.593810000000000e+00     -4.581691560528728e-06
3.660700000000000e+00     -4.451646218776154e-06
3.694600000000000e+00     -1.758365423504071e-05
3.728820000000000e+00     -2.667484695296889e-05
3.798220000000000e+00     -4.419811362455471e-06
3.833400000000000e+00     -2.232302307297506e-05
3.868900000000000e+00     -1.360248109256489e-05
3.904740000000000e+00      9.326661661367569e-06
3.940900000000000e+00     -2.675287036007580e-05
4.014240000000000e+00      4.533667011229893e-06
4.051420000000000e+00      4.517099480086368e-06
4.088950000000000e+00      9.035790767238031e-06
4.126820000000000e+00      9.195106364402065e-06
4.165040000000000e+00     -9.127127191090099e-06
4.203620000000000e+00     -1.789629099358528e-05
4.242560000000000e+00     -4.560483411246153e-06
4.281850000000000e+00     -8.864540949755783e-06
4.321510000000000e+00      1.355662602692798e-05
4.361540000000000e+00     -1.349946677107604e-05
4.401940000000000e+00     -9.189613898381250e-06
4.442710000000000e+00     -9.297655131385165e-06
4.483860000000000e+00      9.149340103854159e-06
4.525390000000000e+00      4.642310013467342e-06
4.567300000000000e+00     -4.603500501786158e-06
4.652300000000000e+00     -4.565167769920110e-06
4.738880000000000e+00      4.680114194791033e-06
4.916900000000000e+00     -4.640392762848088e-06
4.962440000000000e+00      4.735498719052332e-06
5.008410000000000e+00      9.528256043305924e-06
5.054800000000000e+00     -4.642611747669409e-06
5.148870000000000e+00     -4.673290276756924e-06
5.542990000000000e+00     -4.802912486136393e-06
5.646140000000000e+00     -4.766875932524872e-06
5.698440000000000e+00      4.872154661547223e-06
5.804490000000000e+00     -4.816306085889186e-06
5.858250000000000e+00     -4.871205331051986e-06
5.912510000000000e+00      4.936053427847239e-06
5.967270000000000e+00     -9.739469198938399e-06
6.022540000000000e+00     -4.929192154702696e-06
6.134620000000000e+00      4.968968789912000e-06
6.191440000000000e+00      5.007561417745797e-06
6.306670000000000e+00      5.003702740032625e-06
6.424030000000000e+00     -5.017888773482465e-06
6.483530000000000e+00      1.025977756803259e-05
6.915760000000000e+00      5.189709843327850e-06
7.109710000000000e+00     -5.214607157574999e-06
7.242020000000000e+00      5.299332814004017e-06
7.445120000000000e+00      5.340054682017069e-06
7.514080000000000e+00     -5.306109454431133e-06
7.653920000000000e+00      5.367311996484411e-06
7.868570000000000e+00     -5.394557969925340e-06
8.164170000000000e+00      5.558149358595123e-06