0.26379 0.84007 1.00330 1.05954 
0.86975 0.93410 0.97535 1.00672 
0.98750 1.01123 1.02963 1.04100 
1.01268 1.03663 1.05057 1.06315 
1.02129 1.03504 1.04405 1.05400 
1.01707 1.02739 1.04018 1.04877 
1.01911 1.03450 1.04454 1.05536 
1.02884 1.03991 1.04723 1.05355 
1.02042 1.03100 1.04264 1.05121 
1.01616 1.02719 1.03968 1.04910 
1.00847 1.02616 1.03859 1.04748 
1.00914 1.02411 1.03686 1.04646 
1.00829 1.02392 1.03846 1.04683 
1.00980 1.02582 1.03767 1.04663 
1.00899 1.02685 1.03567 1.04766 
1.00804 1.02431 1.03831 1.04772 
1.00914 1.02430 1.03837 1.04761 
1.00940 1.02381 1.03584 1.04736 
1.00846 1.02505 1.03815 1.04810 
1.00887 1.02595 1.03842 1.04568 
1.01066 1.02448 1.03686 1.04800 
1.01097 1.02673 1.03751 1.04672 
1.01100 1.02609 1.03590 1.04797 
1.01098 1.02604 1.03873 1.04721 
1.01041 1.02633 1.03955 1.04694 
1.00905 1.02460 1.03806 1.04790 
1.01130 1.02380 1.03806 1.04799 
1.00969 1.02424 1.03726 1.04731 
1.00972 1.02683 1.03784 1.04507 
1.00993 1.02544 1.03719 1.04694 
1.01114 1.02578 1.03587 1.04697 
1.00853 1.02394 1.03788 1.04673 
1.00853 1.02565 1.03727 1.04625 
1.01063 1.02544 1.03785 1.04672 
1.01022 1.02580 1.03785 1.04574 
1.00976 1.02712 1.03574 1.04715 
1.01048 1.02529 1.03879 1.04601 
1.01200 1.02491 1.03847 1.04881 
1.00969 1.02697 1.03678 1.04659 
1.00881 1.02615 1.03615 1.04776 
