2.34462e-02 4.78577e-02 5.80212e-02 7.16073e-02 5.83544e-02 3.29107e-02 1.75694e-02 1.65405e-02 9.07975e-03 6.26847e-03 5.97247e-03 1.13396e-02 
1.28438e-01 5.65136e-01 9.33189e-01 1.16787e+00 1.07325e+00 3.52153e-01 1.60938e-01 6.88973e-02 3.38166e-02 2.10789e-02 1.16923e-02 1.19471e-02 
1.07237e+00 5.93358e+00 1.02403e+01 1.20850e+01 1.06794e+01 3.15025e+00 1.36338e+00 3.80794e-01 1.32492e-01 5.23001e-02 2.63495e-02 1.57407e-02 
4.98460e+00 2.63668e+01 4.08681e+01 4.31037e+01 3.50866e+01 1.29719e+01 6.04456e+00 1.51725e+00 4.95184e-01 1.68330e-01 6.57700e-02 3.14464e-02 
9.76930e+00 4.78369e+01 6.79255e+01 6.72347e+01 5.25140e+01 2.27381e+01 1.10444e+01 2.70718e+00 8.52919e-01 2.75698e-01 9.18159e-02 3.68352e-02 
8.51755e+00 4.19666e+01 6.14631e+01 6.24981e+01 4.96014e+01 2.06998e+01 9.85754e+00 2.35318e+00 7.56772e-01 2.33636e-01 7.76852e-02 3.39909e-02 
3.34655e+00 1.80769e+01 2.87912e+01 3.18458e+01 2.63527e+01 9.05800e+00 3.97731e+00 1.00838e+00 3.31946e-01 1.26510e-01 4.90087e-02 2.35922e-02 
5.85958e-01 2.97744e+00 5.14663e+00 6.27426e+00 5.69756e+00 1.64313e+00 7.24912e-01 1.99973e-01 7.91292e-02 3.73529e-02 1.70937e-02 1.15176e-02 
8.60137e-02 2.54360e-01 4.00871e-01 4.78485e-01 4.34980e-01 1.65882e-01 8.47629e-02 4.01192e-02 2.10781e-02 1.43688e-02 9.31455e-03 7.83212e-03 


