1.35807e+21 3.01688e+21 4.27543e+21 5.14198e+21 3.96376e+21 2.83076e+21 1.51262e+21 1.05682e+21 6.05920e+20 3.36006e+20 1.79706e+20 1.25611e+20 
9.17574e+21 2.44847e+22 3.47239e+22 3.70031e+22 3.03460e+22 1.93917e+22 1.13855e+22 6.65839e+21 3.55504e+21 1.62234e+21 8.93372e+20 5.67598e+20 
4.48575e+22 1.20548e+23 1.70874e+23 1.74435e+23 1.38052e+23 8.63204e+22 4.79597e+22 2.57098e+22 1.32003e+22 6.62263e+21 3.41369e+21 1.90350e+21 
1.22641e+23 3.31407e+23 4.49318e+23 4.38271e+23 3.35409e+23 2.13173e+23 1.20946e+23 6.33699e+22 3.23916e+22 1.61749e+22 8.28857e+21 4.25762e+21 
1.88521e+23 5.04278e+23 6.63524e+23 6.27114e+23 4.71591e+23 3.03704e+23 1.74720e+23 9.19652e+22 4.59204e+22 2.26075e+22 1.13547e+22 5.66871e+21 
1.71642e+23 4.51447e+23 6.11330e+23 5.93327e+23 4.51492e+23 2.86657e+23 1.62015e+23 8.42726e+22 4.26509e+22 2.04621e+22 1.01243e+22 4.75670e+21 
9.03503e+22 2.43026e+23 3.39451e+23 3.41261e+23 2.61993e+23 1.64531e+23 9.47421e+22 4.98890e+22 2.46257e+22 1.18299e+22 6.17188e+21 3.22741e+21 
2.78567e+22 7.30399e+22 1.04057e+23 1.06510e+23 8.44639e+22 5.40263e+22 3.15700e+22 1.75762e+22 9.07246e+21 5.06793e+21 2.67386e+21 1.26910e+21 
6.34756e+21 1.34576e+22 1.83564e+22 1.89211e+22 1.57297e+22 1.09091e+22 6.59057e+21 3.89449e+21 2.30854e+21 1.17929e+21 6.22579e+20 4.10981e+20 


1.76936e+21 3.60850e+21 4.55132e+21 4.86694e+21 3.66598e+21 2.73855e+21 1.70612e+21 1.03852e+21 4.73614e+20 2.88058e+20 1.48117e+20 1.30319e+20 
1.14180e+22 2.63663e+22 3.47460e+22 3.60462e+22 2.95009e+22 1.94684e+22 1.07900e+22 6.41012e+21 3.47873e+21 2.00703e+21 9.77119e+20 4.97123e+20 
4.87895e+22 1.20993e+23 1.64431e+23 1.63655e+23 1.29111e+23 8.22296e+22 4.62186e+22 2.52757e+22 1.36466e+22 6.35516e+21 3.38796e+21 1.90268e+21 
1.39913e+23 3.31595e+23 4.26425e+23 4.04270e+23 3.16149e+23 2.01642e+23 1.17931e+23 6.39266e+22 3.26423e+22 1.59940e+22 8.26067e+21 4.40332e+21 
2.14892e+23 5.18484e+23 6.38580e+23 5.86841e+23 4.43077e+23 2.92800e+23 1.73844e+23 9.29815e+22 4.76063e+22 2.40385e+22 1.20930e+22 6.28445e+21 
1.95046e+23 4.72289e+23 5.81483e+23 5.49252e+23 4.18811e+23 2.77161e+23 1.63740e+23 8.68312e+22 4.36887e+22 2.17424e+22 1.03569e+22 5.13274e+21 
1.07032e+23 2.56505e+23 3.23885e+23 3.12678e+23 2.44295e+23 1.56853e+23 9.07180e+22 4.98192e+22 2.52938e+22 1.28768e+22 6.56296e+21 3.17226e+21 
3.38685e+22 7.86687e+22 1.04603e+23 1.02426e+23 8.32459e+22 5.48772e+22 3.13628e+22 1.73129e+22 9.18474e+21 4.51120e+21 2.44861e+21 1.26745e+21 
7.07015e+21 1.44161e+22 1.87838e+22 1.88600e+22 1.47694e+22 1.04270e+22 6.04358e+21 3.51760e+21 2.03069e+21 1.35879e+21 7.51010e+20 4.46399e+20 


2.06306e+21 4.45415e+21 4.72578e+21 4.43727e+21 3.92795e+21 2.69472e+21 1.60597e+21 1.00283e+21 5.93184e+20 2.48565e+20 1.59744e+20 1.00644e+20 
1.34506e+22 2.96508e+22 3.77090e+22 3.82375e+22 3.04978e+22 1.96974e+22 1.19894e+22 6.77424e+21 3.63625e+21 1.72051e+21 1.03984e+21 7.16713e+20 
5.96502e+22 1.31475e+23 1.68663e+23 1.64215e+23 1.28252e+23 8.22832e+22 4.97583e+22 2.72367e+22 1.42175e+22 7.03513e+21 4.01093e+21 1.97534e+21 
1.49329e+23 3.40530e+23 4.17836e+23 3.85299e+23 2.92530e+23 1.93885e+23 1.16198e+23 6.28905e+22 3.29800e+22 1.65008e+22 8.43746e+21 4.40271e+21 
2.35718e+23 5.11497e+23 6.03726e+23 5.41311e+23 4.09919e+23 2.73531e+23 1.66372e+23 8.90580e+22 4.48594e+22 2.24491e+22 1.14719e+22 5.77726e+21 
2.18491e+23 4.67455e+23 5.65090e+23 5.10031e+23 3.89521e+23 2.57286e+23 1.54990e+23 8.33839e+22 4.38466e+22 2.21759e+22 1.08616e+22 5.13067e+21 
1.19792e+23 2.65452e+23 3.34455e+23 3.14960e+23 2.41487e+23 1.54618e+23 8.73745e+22 4.71283e+22 2.48729e+22 1.30452e+22 6.52576e+21 3.24889e+21 
3.86269e+22 8.49680e+22 1.10538e+23 1.08769e+23 8.58248e+22 5.40489e+22 3.17813e+22 1.67096e+22 9.26335e+21 5.15194e+21 2.53467e+21 1.31344e+21 
7.93923e+21 1.58581e+22 2.08813e+22 2.13482e+22 1.69495e+22 1.11398e+22 7.05988e+21 4.40252e+21 2.31165e+21 1.28568e+21 6.67263e+20 5.00112e+20 


2.32898e+21 4.07414e+21 5.36531e+21 4.82976e+21 3.80909e+21 2.52515e+21 1.64439e+21 9.63248e+20 6.02287e+20 3.04726e+20 2.05082e+20 1.33568e+20 
1.34489e+22 2.94936e+22 3.83839e+22 3.56183e+22 2.83093e+22 1.89881e+22 1.15986e+22 7.48778e+21 3.89265e+21 1.97479e+21 9.73665e+20 6.39273e+20 
5.81892e+22 1.28022e+23 1.63500e+23 1.57272e+23 1.22773e+23 7.93913e+22 4.70536e+22 2.69024e+22 1.46076e+22 7.56476e+21 3.98914e+21 2.04078e+21 
1.54982e+23 3.22137e+23 3.96461e+23 3.65449e+23 2.80625e+23 1.85844e+23 1.12390e+23 6.21066e+22 3.24101e+22 1.67600e+22 8.38407e+21 4.05872e+21 
2.54299e+23 4.96585e+23 5.66855e+23 5.02471e+23 3.84664e+23 2.60815e+23 1.62669e+23 8.95699e+22 4.69464e+22 2.43435e+22 1.24701e+22 5.96993e+21 
2.40011e+23 4.75480e+23 5.42218e+23 4.81397e+23 3.69951e+23 2.50215e+23 1.51291e+23 8.26429e+22 4.34159e+22 2.23116e+22 1.16765e+22 5.89868e+21 
1.34783e+23 2.81680e+23 3.38030e+23 3.09302e+23 2.37910e+23 1.56236e+23 9.41983e+22 5.14275e+22 2.66225e+22 1.35091e+22 6.62615e+21 3.42565e+21 
4.47445e+22 9.69646e+22 1.20885e+23 1.17533e+23 9.21376e+22 5.74003e+22 3.48449e+22 1.92363e+22 1.02886e+22 5.59354e+21 2.90516e+21 1.53333e+21 
9.65844e+21 1.89486e+22 2.34291e+22 2.44984e+22 1.98662e+22 1.30298e+22 8.06114e+21 4.98850e+21 2.80846e+21 1.47650e+21 8.00585e+20 4.24848e+20 


