2.15321e+13 4.78323e+13 6.77866e+13 8.15255e+13 6.28450e+13 4.48814e+13 2.39825e+13 1.67557e+13 9.60680e+12 5.32734e+12 2.84922e+12 1.99155e+12 
1.45480e+14 3.88203e+14 5.50544e+14 5.86680e+14 4.81132e+14 3.07454e+14 1.80515e+14 1.05568e+14 5.63647e+13 2.57221e+13 1.41643e+13 8.99920e+12 
7.11212e+14 1.91127e+15 2.70919e+15 2.76564e+15 2.18881e+15 1.36860e+15 7.60396e+14 4.07626e+14 2.09289e+14 1.05001e+14 5.41237e+13 3.01798e+13 
1.94446e+15 5.25443e+15 7.12389e+15 6.94874e+15 5.31788e+15 3.37984e+15 1.91759e+15 1.00472e+15 5.13565e+14 2.56451e+14 1.31414e+14 6.75042e+13 
2.98898e+15 7.99528e+15 1.05201e+16 9.94283e+15 7.47702e+15 4.81519e+15 2.77017e+15 1.45810e+15 7.28063e+14 3.58439e+14 1.80028e+14 8.98769e+13 
2.72137e+15 7.15765e+15 9.69257e+15 9.40714e+15 7.15835e+15 4.54492e+15 2.56872e+15 1.33613e+15 6.76226e+14 3.24425e+14 1.60519e+14 7.54170e+13 
1.43249e+15 3.85315e+15 5.38196e+15 5.41065e+15 4.15386e+15 2.60862e+15 1.50213e+15 7.90985e+14 3.90438e+14 1.87561e+14 9.78546e+13 5.11702e+13 
4.41664e+14 1.15804e+15 1.64981e+15 1.68871e+15 1.33917e+15 8.56581e+14 5.00540e+14 2.78669e+14 1.43843e+14 8.03515e+13 4.23937e+13 2.01214e+13 
1.00640e+14 2.13368e+14 2.91039e+14 2.99992e+14 2.49393e+14 1.72963e+14 1.04493e+14 6.17467e+13 3.66016e+13 1.86975e+13 9.87093e+12 6.51606e+12 


2.80531e+13 5.72124e+13 7.21607e+13 7.71648e+13 5.81237e+13 4.34194e+13 2.70503e+13 1.64656e+13 7.50910e+12 4.56713e+12 2.34838e+12 2.06619e+12 
1.81031e+14 4.18035e+14 5.50894e+14 5.71509e+14 4.67734e+14 3.08669e+14 1.71075e+14 1.01632e+14 5.51550e+13 3.18213e+13 1.54921e+13 7.88183e+12 
7.73552e+14 1.91834e+15 2.60704e+15 2.59473e+15 2.04704e+15 1.30374e+15 7.32792e+14 4.00744e+14 2.16366e+14 1.00760e+14 5.37157e+13 3.01668e+13 
2.21830e+15 5.25741e+15 6.76092e+15 6.40965e+15 5.01251e+15 3.19702e+15 1.86978e+15 1.01355e+15 5.17541e+14 2.53584e+14 1.30972e+14 6.98142e+13 
3.40709e+15 8.22051e+15 1.01246e+16 9.30431e+15 7.02493e+15 4.64232e+15 2.75628e+15 1.47421e+15 7.54792e+14 3.81128e+14 1.91734e+14 9.96392e+13 
3.09244e+15 7.48809e+15 9.21936e+15 8.70833e+15 6.64021e+15 4.39436e+15 2.59608e+15 1.37670e+15 6.92679e+14 3.44723e+14 1.64208e+14 8.13791e+13 
1.69698e+15 4.06687e+15 5.13517e+15 4.95748e+15 3.87327e+15 2.48688e+15 1.43833e+15 7.89878e+14 4.01031e+14 2.04160e+14 1.04055e+14 5.02958e+13 
5.36982e+14 1.24728e+15 1.65847e+15 1.62396e+15 1.31986e+15 8.70073e+14 4.97254e+14 2.74494e+14 1.45623e+14 7.15247e+13 3.88225e+13 2.00952e+13 
1.12096e+14 2.28565e+14 2.97816e+14 2.99024e+14 2.34168e+14 1.65318e+14 9.58203e+13 5.57712e+13 3.21963e+13 2.15435e+13 1.19072e+13 7.07762e+12 


3.27096e+13 7.06200e+13 7.49267e+13 7.03525e+13 6.22772e+13 4.27246e+13 2.54624e+13 1.58997e+13 9.40487e+12 3.94097e+12 2.53272e+12 1.59570e+12 
2.13258e+14 4.70111e+14 5.97873e+14 6.06252e+14 4.83539e+14 3.12301e+14 1.90091e+14 1.07405e+14 5.76524e+13 2.72786e+13 1.64865e+13 1.13634e+13 
9.45747e+14 2.08453e+15 2.67413e+15 2.60362e+15 2.03342e+15 1.30459e+15 7.88913e+14 4.31836e+14 2.25416e+14 1.11541e+14 6.35928e+13 3.13188e+13 
2.36760e+15 5.39907e+15 6.62474e+15 6.10887e+15 4.63803e+15 3.07403e+15 1.84231e+15 9.97123e+14 5.22895e+14 2.61618e+14 1.33775e+14 6.98045e+13 
3.73728e+15 8.10974e+15 9.57201e+15 8.58243e+15 6.49922e+15 4.33680e+15 2.63780e+15 1.41201e+15 7.11241e+14 3.55928e+14 1.81886e+14 9.15978e+13 
3.46415e+15 7.41145e+15 8.95945e+15 8.08649e+15 6.17582e+15 4.07924e+15 2.45735e+15 1.32204e+15 6.95183e+14 3.51596e+14 1.72210e+14 8.13463e+13 
1.89928e+15 4.20871e+15 5.30275e+15 4.99366e+15 3.82875e+15 2.45145e+15 1.38531e+15 7.47214e+14 3.94358e+14 2.06830e+14 1.03465e+14 5.15108e+13 
6.12426e+14 1.34716e+15 1.75256e+15 1.72452e+15 1.36074e+15 8.56939e+14 5.03889e+14 2.64928e+14 1.46869e+14 8.16835e+13 4.01869e+13 2.08244e+13 
1.25876e+14 2.51429e+14 3.31070e+14 3.38473e+14 2.68732e+14 1.76620e+14 1.11934e+14 6.98015e+13 3.66509e+13 2.03843e+13 1.05794e+13 7.92922e+12 


3.69258e+13 6.45950e+13 8.50665e+13 7.65754e+13 6.03927e+13 4.00360e+13 2.60717e+13 1.52722e+13 9.54920e+12 4.83140e+12 3.25155e+12 2.11770e+12 
2.13231e+14 4.67618e+14 6.08573e+14 5.64724e+14 4.48840e+14 3.01055e+14 1.83895e+14 1.18718e+14 6.17176e+13 3.13101e+13 1.54374e+13 1.01356e+13 
9.22584e+14 2.02978e+15 2.59228e+15 2.49353e+15 1.94655e+15 1.25874e+15 7.46029e+14 4.26534e+14 2.31602e+14 1.19939e+14 6.32474e+13 3.23564e+13 
2.45723e+15 5.10745e+15 6.28584e+15 5.79415e+15 4.44928e+15 2.94654e+15 1.78193e+15 9.84693e+14 5.13859e+14 2.65728e+14 1.32929e+14 6.43506e+13 
4.03188e+15 7.87330e+15 8.98743e+15 7.96663e+15 6.09881e+15 4.13520e+15 2.57909e+15 1.42012e+15 7.44330e+14 3.85964e+14 1.97712e+14 9.46526e+13 
3.80535e+15 7.53868e+15 8.59681e+15 7.63250e+15 5.86554e+15 3.96713e+15 2.39871e+15 1.31030e+15 6.88354e+14 3.53749e+14 1.85130e+14 9.35229e+13 
2.13697e+15 4.46601e+15 5.35942e+15 4.90394e+15 3.77204e+15 2.47710e+15 1.49350e+15 8.15378e+14 4.22097e+14 2.14186e+14 1.05057e+14 5.43133e+13 
7.09420e+14 1.53736e+15 1.91662e+15 1.86348e+15 1.46083e+15 9.10077e+14 5.52463e+14 3.04990e+14 1.63124e+14 8.86850e+13 4.60610e+13 2.43108e+13 
1.53134e+14 3.00429e+14 3.71467e+14 3.88419e+14 3.14976e+14 2.06587e+14 1.27809e+14 7.90922e+13 4.45279e+13 2.34097e+13 1.26932e+13 6.73592e+12 


