1 5.18781e-02 1.38744e-01 2.07409e-01 3.42180e-01 2.25787e-01 1.00880e-01 5.00434e-02 3.39032e-02 1.87656e-02 8.05458e-03 3.71325e-03 2.50660e-03 
2 4.14252e-01 1.93486e+00 3.61281e+00 4.64025e+00 4.41787e+00 1.42076e+00 6.58455e-01 2.83957e-01 1.25297e-01 5.38269e-02 2.44678e-02 1.86911e-02 
3 3.32469e+00 2.18315e+01 4.02275e+01 5.00200e+01 4.44940e+01 1.24780e+01 5.15885e+00 1.38608e+00 4.91056e-01 1.85163e-01 9.23173e-02 3.62328e-02 
4 1.54998e+01 9.98432e+01 1.63611e+02 1.74469e+02 1.37133e+02 5.26374e+01 2.36810e+01 5.47104e+00 1.83270e+00 6.33643e-01 2.64717e-01 1.01813e-01 
5 3.01155e+01 1.79166e+02 2.66129e+02 2.56818e+02 1.86537e+02 9.17950e+01 4.33641e+01 9.91926e+00 3.07950e+00 1.00567e+00 3.53408e-01 1.26040e-01 
6 2.63621e+01 1.54736e+02 2.42228e+02 2.43213e+02 1.80860e+02 8.31695e+01 3.83217e+01 8.53717e+00 2.61701e+00 7.37095e-01 2.81083e-01 1.10201e-01 
7 9.88630e+00 6.55147e+01 1.13027e+02 1.29143e+02 1.03558e+02 3.62963e+01 1.60215e+01 3.78150e+00 1.19985e+00 4.15779e-01 1.75010e-01 7.79535e-02 
8 1.77846e+00 1.08046e+01 1.93646e+01 2.49276e+01 2.26737e+01 6.37404e+00 2.78126e+00 8.22702e-01 2.90638e-01 1.48269e-01 6.88606e-02 2.83439e-02 
9 2.85482e-01 9.34003e-01 1.45070e+00 1.83518e+00 1.74398e+00 6.74552e-01 3.47341e-01 1.51820e-01 6.35767e-02 4.34805e-02 2.34557e-02 1.16476e-02 


1 4.74142e-02 1.50388e-01 2.32771e-01 2.83639e-01 2.20903e-01 1.52385e-01 5.45432e-02 3.17255e-02 1.03076e-02 4.75913e-03 1.94168e-03 9.23169e-03 
2 5.23858e-01 2.33796e+00 3.85859e+00 4.82500e+00 4.43401e+00 1.44890e+00 6.16019e-01 2.60398e-01 1.39407e-01 8.71276e-02 3.15273e-02 1.92939e-02 
3 4.26213e+00 2.43047e+01 4.23752e+01 4.87120e+01 4.28166e+01 1.31081e+01 5.54993e+00 1.56324e+00 5.55242e-01 2.40526e-01 1.01760e-01 4.49663e-02 
4 2.13074e+01 1.07471e+02 1.61583e+02 1.63128e+02 1.29085e+02 5.33804e+01 2.52062e+01 6.48924e+00 2.07936e+00 7.06853e-01 2.34097e-01 1.25748e-01 
5 4.04431e+01 1.94831e+02 2.59710e+02 2.38660e+02 1.74095e+02 9.45663e+01 4.64738e+01 1.17119e+01 3.70847e+00 1.20529e+00 3.85672e-01 1.81438e-01 
6 3.50488e+01 1.73044e+02 2.34374e+02 2.23627e+02 1.66274e+02 8.66359e+01 4.18006e+01 9.89272e+00 3.13264e+00 1.00232e+00 2.92312e-01 1.44374e-01 
7 1.40903e+01 7.48829e+01 1.13836e+02 1.20022e+02 9.77216e+01 3.72752e+01 1.66039e+01 4.37733e+00 1.41978e+00 5.73109e-01 2.37436e-01 1.00627e-01 
8 2.45017e+00 1.21507e+01 2.11583e+01 2.49746e+01 2.32962e+01 6.92943e+00 3.03354e+00 8.23978e-01 3.11599e-01 1.31036e-01 5.48006e-02 2.97484e-02 
9 3.42891e-01 1.07203e+00 1.67246e+00 1.93676e+00 1.75616e+00 6.62384e-01 3.39704e-01 1.54900e-01 6.93611e-02 3.18394e-02 1.30880e-02 9.75265e-03 


1 5.61187e-02 2.11809e-01 2.28711e-01 2.21037e-01 2.24851e-01 9.37848e-02 4.79254e-02 3.57072e-02 1.25423e-02 4.76199e-03 4.24442e-03 2.68379e-03 
2 6.73272e-01 2.89221e+00 4.35336e+00 5.32001e+00 4.71926e+00 1.59665e+00 7.60804e-01 3.18488e-01 1.31966e-01 5.46648e-02 2.85125e-02 1.86773e-02 
3 5.98800e+00 2.85510e+01 4.55028e+01 5.09796e+01 4.33399e+01 1.41983e+01 6.53045e+00 1.87285e+00 6.31740e-01 2.28905e-01 1.16134e-01 7.69229e-02 
4 2.59848e+01 1.16684e+02 1.62733e+02 1.56517e+02 1.18686e+02 5.55772e+01 2.68421e+01 7.18311e+00 2.33904e+00 7.84825e-01 3.29183e-01 1.49069e-01 
5 5.20387e+01 1.99005e+02 2.46650e+02 2.17412e+02 1.58235e+02 9.27511e+01 4.72546e+01 1.24444e+01 3.95834e+00 1.26364e+00 4.18182e-01 1.52817e-01 
6 4.53426e+01 1.76769e+02 2.29241e+02 2.06051e+02 1.52667e+02 8.45462e+01 4.22702e+01 1.11405e+01 3.76771e+00 1.19955e+00 4.02144e-01 1.63743e-01 
7 1.79948e+01 8.22929e+01 1.21129e+02 1.24063e+02 9.72906e+01 3.91098e+01 1.70798e+01 4.50235e+00 1.54973e+00 5.98500e-01 1.96321e-01 9.32435e-02 
8 3.14339e+00 1.43853e+01 2.38221e+01 2.80959e+01 2.43444e+01 7.34064e+00 3.30039e+00 8.69819e-01 3.92268e-01 1.70365e-01 5.86795e-02 3.33811e-02 
9 3.92442e-01 1.19583e+00 1.92164e+00 2.24733e+00 1.96863e+00 7.48603e-01 3.56889e-01 1.71576e-01 8.47480e-02 4.11926e-02 1.82675e-02 1.33336e-02 


1 1.03534e-01 1.91418e-01 2.78393e-01 2.83026e-01 2.34481e-01 1.34536e-01 6.10730e-02 3.68379e-02 2.25859e-02 9.70463e-03 3.59966e-03 2.31180e-03 
2 7.50088e-01 3.02201e+00 4.90707e+00 5.00811e+00 4.64645e+00 1.67436e+00 8.04017e-01 4.03749e-01 1.54015e-01 6.04601e-02 2.34248e-02 1.38879e-02 
3 6.50498e+00 2.96161e+01 4.68314e+01 5.05854e+01 4.25312e+01 1.45437e+01 6.54876e+00 2.06806e+00 7.18843e-01 2.68309e-01 1.17263e-01 4.98792e-02 
4 3.09416e+01 1.15529e+02 1.57370e+02 1.48578e+02 1.14278e+02 5.59431e+01 2.74190e+01 7.93978e+00 2.64643e+00 8.86565e-01 3.11937e-01 1.16937e-01 
5 6.28867e+01 1.98160e+02 2.31547e+02 1.99115e+02 1.46880e+02 9.15984e+01 4.87523e+01 1.44976e+01 4.57401e+00 1.50918e+00 5.10992e-01 1.80258e-01 
6 5.64615e+01 1.86579e+02 2.21160e+02 1.92520e+02 1.44068e+02 8.58899e+01 4.33665e+01 1.22568e+01 4.02786e+00 1.32057e+00 4.03865e-01 1.53269e-01 
7 2.33054e+01 9.29072e+01 1.26737e+02 1.22637e+02 9.63646e+01 4.20004e+01 2.00342e+01 5.74718e+00 1.88931e+00 6.19939e-01 2.53210e-01 1.01252e-01 
8 4.05263e+00 1.80227e+01 2.78661e+01 3.12739e+01 2.72435e+01 8.28241e+00 3.78321e+00 1.17877e+00 4.68056e-01 2.00535e-01 8.25402e-02 4.16400e-02 
9 5.24976e-01 1.44056e+00 2.31364e+00 2.68561e+00 2.56289e+00 9.28267e-01 4.53895e-01 2.26654e-01 9.83717e-02 3.93938e-02 2.80170e-02 1.41246e-02 


